var vecs = [[0.99981725,0.00016341,0.00018785,0.99983418,0.9998281,0.00014299,0.00017824,0.00018468,0.99987221,0.99982893,0.00019242,0.99982488,0.93891686,0.99982369,0.00015352,0.00021823,0.99983037,0.90243143,0.99981534,0.00016301,0.00018971,0.91660124,0.00015666,0.99984074,0.00022425,0.00013792,0.00016616,0.999856,0.00015872,0.0002095,0.99980342,0.00021576,0.00019234,0.99984133,0.00015984,0.99980819,0.00018827,0.99978811,0.00016607,0.00017019,0.00016024,0.99983621,0.00018433,0.00020283,0.99978012,0.00018841,0.99981844,0.99980819,0.00019531,0.99987018,0.99981534,0.99982107,0.00018973,0.00015054,0.00017552,0.99981165,0.99985206,0.99978787,0.00022836,0.07490894,0.99986947,0.99980807,0.00018591,0.99981153,0.00020415,0.00019178,0.999825,0.99984765,0.99980068,0.00024683,0.99980593,0.9998163,0.00017194,0.27616286,0.99988568,0.99985158,0.00017045,0.00016767,0.99981356,0.99980092,0.99984729,0.13612241,0.99980533,0.16002929,0.99987161,0.00020365,0.99983525,0.00020471,0.00018556,0.99985087,0.00020187,0.99978405,0.00018063,0.99983203,0.00010099,0.00014799,0.00016511,0.99982071,0.00018024,0.99982309,0.00016364,0.00021775,0.99982095,0.00026414,0.85639602,0.99980485,0.9998219,0.00021884,0.99985075,0.99980593,0.00014579,0.99979973,0.99985409,0.99980986,0.9998368,0.00015776,0.00018903,0.00011357,0.00013492,0.99981892,0.99979126,0.99981427,0.00019042,0.00020145,0.99985409,0.00019727,0.99983132,0.00018945],[0.99951363,0.00042507,0.00040222,0.99959081,0.99957746,0.00042126,0.00046236,0.00044471,0.99952984,0.99953258,0.00048521,0.99954551,0.93113548,0.99968231,0.0004177,0.00044928,0.99954849,0.97797841,0.99955004,0.00044683,0.00044888,0.77532178,0.0004376,0.9995833,0.00042689,0.00041124,0.00037457,0.99957639,0.00046511,0.00041397,0.99956459,0.00041267,0.00041229,0.9995653,0.00047898,0.99956805,0.00040843,0.99957126,0.00043995,0.0004366,0.00038452,0.99954039,0.00045881,0.000431,0.99956638,0.00049496,0.99958056,0.99961329,0.00047491,0.99957544,0.99954015,0.99960166,0.00045877,0.00044134,0.00044246,0.99953991,0.99955398,0.99959451,0.00041996,0.83703387,0.99960649,0.99957258,0.00038772,0.99954861,0.00045389,0.00041104,0.99956542,0.9995839,0.9995839,0.00041899,0.9995392,0.99953437,0.00044113,0.45425057,0.99959856,0.99956912,0.00048228,0.00040195,0.99955636,0.99955565,0.99955136,0.2674551,0.99956745,0.81767428,0.99958068,0.00029231,0.9995746,0.00038883,0.00036675,0.99963415,0.00048432,0.99953246,0.00040292,0.99954671,0.00034126,0.00037304,0.00051707,0.9995783,0.00045025,0.99955529,0.00046267,0.00041407,0.99956101,0.00041723,0.09204873,0.99954146,0.99950027,0.00042935,0.99953943,0.99969178,0.00041974,0.99956876,0.99953091,0.99957997,0.99955136,0.00042543,0.00048728,0.00040261,0.00044154,0.99954492,0.9995932,0.99954218,0.00042989,0.00042684,0.99960721,0.00047086,0.99954993,0.00041084],[0.99966645,0.00035673,0.00039479,0.99962699,0.99962938,0.00035403,0.00041928,0.00046234,0.99964058,0.99954396,0.00049199,0.99954599,0.96820515,0.9996587,0.00040967,0.00040016,0.99954206,0.97401404,0.9995321,0.0004036,0.00050108,0.91017008,0.00046535,0.99958235,0.00044735,0.0004243,0.00019564,0.99957186,0.00053205,0.00046062,0.99955791,0.0005634,0.00040717,0.99973148,0.00049229,0.9995333,0.00037208,0.9995845,0.00045025,0.0004936,0.00034819,0.99960983,0.00053405,0.00043592,0.99953544,0.00035892,0.99957281,0.99963379,0.00052619,0.99961948,0.9995566,0.99952829,0.00047762,0.00047246,0.00048392,0.99961793,0.9996779,0.99952424,0.00048892,0.16545813,0.99960482,0.99963319,0.00048541,0.99957567,0.00046356,0.00040102,0.9995448,0.99967527,0.999551,0.00045018,0.99955744,0.99948299,0.00048398,0.18925434,0.99968761,0.99958473,0.00044642,0.00042557,0.99949241,0.99962044,0.99957913,0.74224252,0.99950266,0.09266308,0.99963498,0.00039782,0.9995172,0.00046728,0.00028769,0.99958116,0.00048885,0.9995448,0.00052528,0.99949729,0.00018351,0.00033491,0.00048428,0.99951851,0.00038827,0.99970239,0.00040292,0.00054536,0.99964654,0.00047382,0.28567955,0.99951482,0.99956733,0.00048853,0.9995209,0.99967873,0.00032241,0.99952638,0.99953669,0.99968737,0.99954194,0.00034706,0.00047954,0.0002333,0.00033464,0.99963093,0.99959594,0.99950778,0.0004329,0.00048423,0.99976832,0.00036842,0.99953091,0.00035172],[0.99950707,0.00044655,0.00039164,0.99959582,0.99950218,0.00044988,0.00041128,0.00046191,0.99952805,0.99961698,0.00036918,0.99949443,0.95696217,0.99952316,0.00044719,0.00041234,0.99950624,0.2746841,0.99953777,0.00049369,0.00043577,0.60670209,0.0004519,0.99949777,0.00054317,0.00036979,0.00055111,0.999506,0.00043515,0.00051124,0.99955755,0.00044039,0.00045851,0.99958628,0.00047294,0.99952495,0.0005016,0.9995153,0.00047171,0.00040318,0.00034669,0.99953091,0.00051205,0.00047329,0.9994781,0.00040334,0.99949384,0.99950397,0.00044446,0.99955004,0.99960303,0.99948931,0.00043416,0.00046007,0.00038808,0.99962592,0.99957281,0.99954015,0.00046432,0.12276205,0.99952102,0.99956721,0.00047426,0.99953562,0.00050173,0.00051789,0.99955875,0.99958771,0.99951375,0.0004346,0.99948776,0.99952221,0.00049387,0.20985489,0.99957699,0.99959558,0.00045481,0.00049269,0.99953151,0.99956816,0.99962699,0.25812814,0.99954647,0.84878451,0.99956161,0.00036733,0.99951494,0.00038096,0.00056849,0.99958497,0.00043862,0.99957067,0.00041138,0.99958366,0.00032255,0.0003949,0.00043788,0.99949026,0.00037214,0.99953991,0.00041663,0.00046531,0.99959654,0.00050029,0.08933621,0.9995597,0.9995622,0.00043395,0.99953532,0.99940622,0.00046245,0.99954849,0.99953598,0.99962723,0.99949241,0.00043263,0.00042029,0.00048181,0.00053053,0.99959987,0.99952173,0.99951172,0.00050442,0.00039899,0.99944025,0.00033933,0.99960303,0.00040421],[0.99913931,0.00101749,0.00085404,0.99909842,0.9991734,0.00096509,0.00098257,0.00104686,0.99884725,0.9989379,0.00091297,0.99895823,0.91112119,0.99927658,0.00098694,0.00142305,0.99900609,0.97297704,0.99899596,0.00115589,0.0010128,0.86394578,0.00107042,0.99908745,0.00104044,0.00103823,0.00091964,0.99890387,0.00096314,0.00091043,0.998981,0.0010979,0.00099328,0.99904162,0.0011128,0.99899441,0.00081251,0.99900419,0.00102512,0.00108713,0.00089433,0.99900025,0.00105951,0.00102317,0.99895966,0.00086481,0.99907154,0.99918777,0.00112559,0.9990207,0.99910575,0.99891734,0.00115379,0.00099407,0.0010998,0.99892533,0.99907601,0.99874729,0.00105045,0.16973406,0.99899012,0.99914932,0.00114234,0.99906904,0.00105572,0.00096654,0.99890578,0.99905556,0.99885905,0.00089621,0.99896908,0.99896801,0.00113243,0.6701926,0.99899346,0.99899966,0.00091035,0.00099104,0.99891853,0.99916279,0.99906391,0.67263556,0.99885929,0.64124882,0.99908149,0.00087394,0.99890602,0.00086707,0.00074817,0.99895018,0.00099795,0.99899322,0.00097364,0.99888939,0.000902,0.00098048,0.00099615,0.99887484,0.00082557,0.99920195,0.00098417,0.00133726,0.99921072,0.00099207,0.30476508,0.99901235,0.99882597,0.00107811,0.99904519,0.99935657,0.0009874,0.99915099,0.99887556,0.99921608,0.99900919,0.00078972,0.00105717,0.00094901,0.0009047,0.99912101,0.99914169,0.99894398,0.00100056,0.00097651,0.99931312,0.00086128,0.99906462,0.00084636],[0.99969488,0.00030505,0.00032783,0.99965346,0.99957913,0.00032752,0.00035455,0.00036577,0.99964786,0.99968284,0.00032854,0.99960876,0.94755805,0.99958867,0.00037361,0.00029615,0.99959689,0.73696417,0.99966037,0.00040986,0.00038657,0.49007696,0.00038385,0.99960899,0.00047975,0.00025259,0.00025713,0.99962258,0.00031642,0.00041214,0.99956435,0.00037221,0.00036552,0.99972326,0.00036367,0.99962533,0.00043322,0.99961102,0.00038767,0.00035166,0.0002837,0.99969345,0.00046272,0.00039908,0.99952698,0.00032479,0.9995504,0.99957472,0.00037487,0.9996742,0.99969107,0.99955696,0.00034077,0.00034237,0.00037518,0.99970537,0.99966836,0.99965048,0.00042656,0.0377412,0.99959558,0.99956721,0.00037802,0.99958438,0.00041834,0.00041789,0.99961329,0.9996888,0.99961936,0.0003456,0.99958819,0.99962795,0.00039965,0.28862923,0.99972886,0.99970299,0.00038246,0.00041969,0.99961948,0.99961317,0.99972993,0.19121498,0.99962115,0.17010617,0.99968255,0.00038557,0.99959904,0.00036204,0.00045429,0.99968135,0.00033632,0.99962497,0.00035119,0.99966681,0.0001316,0.00030169,0.00041348,0.9995876,0.00027879,0.99964845,0.00035388,0.00036306,0.99967432,0.00042294,0.15071158,0.99959177,0.99969596,0.00039242,0.99956197,0.999551,0.00028484,0.99961388,0.99961507,0.99969894,0.99956781,0.00027511,0.00036593,0.00027822,0.00040859,0.99966526,0.9996084,0.99958581,0.0003904,0.00038824,0.99963152,0.00028201,0.99967313,0.00037069],[0.99966896,0.0003412,0.00027158,0.99962556,0.99958342,0.00037672,0.00041093,0.00044648,0.99959296,0.99959618,0.00040455,0.9995234,0.94547832,0.99972469,0.00041887,0.000367,0.99954683,0.96809053,0.99960095,0.00040567,0.00045644,0.84002435,0.00041975,0.99960613,0.000487,0.0003346,0.00024874,0.99957258,0.00039015,0.00043243,0.99959213,0.00045932,0.00042253,0.99972647,0.00044767,0.99958009,0.00037932,0.99956983,0.00043452,0.00042912,0.00031899,0.99961865,0.00050993,0.00041263,0.99953562,0.00032959,0.99957377,0.99959093,0.00042997,0.99960482,0.99960083,0.99952936,0.00046339,0.00043253,0.00042341,0.99969214,0.99964762,0.99950612,0.00046486,0.16655715,0.99961114,0.99962449,0.00048291,0.99958044,0.00041739,0.00041925,0.99953765,0.99965346,0.99954098,0.00038446,0.99952877,0.99955803,0.00042998,0.43387792,0.99969572,0.99962676,0.00043037,0.00037152,0.9995535,0.99960214,0.99958855,0.59641081,0.9995023,0.17569694,0.99966753,0.00024225,0.99958462,0.00033387,0.00034174,0.99961615,0.00042465,0.99954909,0.00047075,0.99957246,0.00018993,0.00028103,0.00043541,0.99955243,0.00032377,0.99961245,0.0004103,0.00048012,0.99960625,0.00044074,0.28369844,0.99956602,0.99957997,0.00045641,0.99953991,0.99963748,0.00031973,0.99958652,0.99954695,0.99966455,0.99953586,0.00032476,0.00042807,0.00029281,0.00035515,0.99965596,0.99957651,0.99952328,0.00039556,0.00044515,0.99973851,0.00032497,0.99962723,0.00037506],[0.99908948,0.00092259,0.0011803,0.9990558,0.99913532,0.00088488,0.00090775,0.00093026,0.99917513,0.9991079,0.00096412,0.99915016,0.92446351,0.9990508,0.0008267,0.00081592,0.99901581,0.10135008,0.99906343,0.00089697,0.00096261,0.87936264,0.00089377,0.99910802,0.00086814,0.00087112,0.00064849,0.99914718,0.00097091,0.00091754,0.99913079,0.0008748,0.00089239,0.99902964,0.00089423,0.99913955,0.00088874,0.99903452,0.00089628,0.00091725,0.0009482,0.99916947,0.00084028,0.00098955,0.99916172,0.00098085,0.99914145,0.99912685,0.00094472,0.99916279,0.99903691,0.99920219,0.00096007,0.0008382,0.00088316,0.99884182,0.99914086,0.99906284,0.00088105,0.36737701,0.99924433,0.99907058,0.00085867,0.99907875,0.00098746,0.00083416,0.99911672,0.99918085,0.99906462,0.00102491,0.99905163,0.9990772,0.00090197,0.07950904,0.99913555,0.99914527,0.00097849,0.00085276,0.99908638,0.99906641,0.99908733,0.4820331,0.9990927,0.68320918,0.99907166,0.00093921,0.99915791,0.00108187,0.00092997,0.99904341,0.00096357,0.99908805,0.0009512,0.99909413,0.00087787,0.00100417,0.0008899,0.99908566,0.00100855,0.99911326,0.00090242,0.00093472,0.99908745,0.00097601,0.25890622,0.99902487,0.99910069,0.00092791,0.99906832,0.99912292,0.00084698,0.99907911,0.9991383,0.99897563,0.99912351,0.00084324,0.00100482,0.00069851,0.00088722,0.99908388,0.99908292,0.99909115,0.00089974,0.00093358,0.99907684,0.00105068,0.99906737,0.00092153],[0.9987244,0.00127887,0.00142599,0.99856764,0.99874806,0.00126191,0.00149665,0.00139404,0.99846733,0.99860233,0.00141093,0.99852079,0.76018345,0.99867809,0.00133013,0.00197617,0.99866796,0.97773468,0.9984706,0.00166045,0.00149499,0.80123848,0.00157313,0.99863714,0.00143339,0.00129969,0.001119,0.99848861,0.00154065,0.00135707,0.99840254,0.00151482,0.00136936,0.99845433,0.00146575,0.99846518,0.0012462,0.99849474,0.00152652,0.00150625,0.00124176,0.99854672,0.00152475,0.00154074,0.99863029,0.00119045,0.99868256,0.99872655,0.00163908,0.99881375,0.99850309,0.9984048,0.00140784,0.00128699,0.00144642,0.99834347,0.99868399,0.9983986,0.00160442,0.0847708,0.99846125,0.99868745,0.00164676,0.99861115,0.00165941,0.00139042,0.99857521,0.99880517,0.99853349,0.0015236,0.99854231,0.99865276,0.00165645,0.67845482,0.9987967,0.99869114,0.00128503,0.00142349,0.99840826,0.99876761,0.99883336,0.40224063,0.9985013,0.73491919,0.99852151,0.00157797,0.99839598,0.00133925,0.00134455,0.99845862,0.00152548,0.99861103,0.00135335,0.99828231,0.00094146,0.00128729,0.00144472,0.99836451,0.00135481,0.99884999,0.00129698,0.00166262,0.99883527,0.00151058,0.19496168,0.99843568,0.998469,0.00169073,0.99863172,0.99882561,0.00138962,0.99870044,0.99865627,0.99870145,0.9985323,0.0012839,0.00154598,0.00116108,0.00121404,0.99857247,0.99877816,0.99846852,0.00155187,0.00141461,0.99900371,0.00131602,0.99855512,0.0012381],[0.9996857,0.00028684,0.00040754,0.99958664,0.99950576,0.00029062,0.00035137,0.0003885,0.99961984,0.99965954,0.00030309,0.99963152,0.95936006,0.99942869,0.00036971,0.00034228,0.99964297,0.87018961,0.9996444,0.0004213,0.00039596,0.14202218,0.00041866,0.99961305,0.00050829,0.00034435,0.00039302,0.99955887,0.00032325,0.00041751,0.99958211,0.00045576,0.00039039,0.99973363,0.00038472,0.99961543,0.00042279,0.99965346,0.00033233,0.0003717,0.00034287,0.99969953,0.00044997,0.00042402,0.99949503,0.00031971,0.99949992,0.99961948,0.00043251,0.9996351,0.99966562,0.99953425,0.00032168,0.00040371,0.00039969,0.99961603,0.99965048,0.9995839,0.00044457,0.09377165,0.99963486,0.99958187,0.00038648,0.99952245,0.00044403,0.00048371,0.99963987,0.99964392,0.99957913,0.0003664,0.99957234,0.99958891,0.0004251,0.34949183,0.99971098,0.99966776,0.00044818,0.00044165,0.99958438,0.99967277,0.99969143,0.16502689,0.99959105,0.44595149,0.99967611,0.0006292,0.99955517,0.00041417,0.00050861,0.99963772,0.00037949,0.99956447,0.00037538,0.99963725,0.00021443,0.0003059,0.00034296,0.99956661,0.00028779,0.99965441,0.00038366,0.00038869,0.99971086,0.00044512,0.28738952,0.99961996,0.99966788,0.00038954,0.99951053,0.99944204,0.00029092,0.9995302,0.99960035,0.99972421,0.9996019,0.00028362,0.00036702,0.00032649,0.00039532,0.99962747,0.9995572,0.99953485,0.00039077,0.00044736,0.99955517,0.00030285,0.99964273,0.00043769],[0.99896526,0.0010952,0.00126064,0.99888927,0.99913055,0.00093324,0.00134187,0.00114719,0.99914312,0.99880826,0.0011798,0.99892199,0.56139851,0.99875009,0.00111319,0.00088203,0.99884713,0.95421696,0.99872351,0.00098254,0.00101688,0.93533176,0.00104372,0.99898201,0.00115904,0.00106104,0.00082429,0.99899548,0.00123302,0.00112811,0.99863881,0.00115911,0.00127746,0.99900216,0.00107719,0.99869293,0.00119469,0.99878711,0.00129009,0.001189,0.00132813,0.99887389,0.00120486,0.00119176,0.99901259,0.00095731,0.9990465,0.99889958,0.00119424,0.99909449,0.99866724,0.99894184,0.0011101,0.00094208,0.00124157,0.99901003,0.99871409,0.99870718,0.00131173,0.04854802,0.99904281,0.99872631,0.00102458,0.99894351,0.00121622,0.00110417,0.99876869,0.99908221,0.99874121,0.00117395,0.9988957,0.9989422,0.00106661,0.18558276,0.99915171,0.99895078,0.00086643,0.00129011,0.99901891,0.99879342,0.99905211,0.24805339,0.99876988,0.79596353,0.99879992,0.00107356,0.99901026,0.00110468,0.00096256,0.99865806,0.00116803,0.99881113,0.00135307,0.99876153,0.00093758,0.00122287,0.00128331,0.99888843,0.00114863,0.99889022,0.00111002,0.00115362,0.99895537,0.00109364,0.10996541,0.99868172,0.9988569,0.00125702,0.99907035,0.99908948,0.00096431,0.99900728,0.99894542,0.99881124,0.99889958,0.00108383,0.00123415,0.00075207,0.00097308,0.99882561,0.99884963,0.99896622,0.00117478,0.00114568,0.998963,0.00113745,0.99897838,0.00110452],[0.99917728,0.00085727,0.00085389,0.99935979,0.99944097,0.0006997,0.00078624,0.00078271,0.99944431,0.99917978,0.00075658,0.99929738,0.34995219,0.9992649,0.00072645,0.00062876,0.99928975,0.95463687,0.99921381,0.00063405,0.00066312,0.95965815,0.00069688,0.99933118,0.0008122,0.00074453,0.00063673,0.99937987,0.00076971,0.00079192,0.99913126,0.00071537,0.00080848,0.99916828,0.00068552,0.99921632,0.000759,0.9991886,0.0008378,0.00076491,0.00072298,0.99920112,0.00075621,0.00074119,0.99931848,0.00073703,0.99940991,0.99927348,0.00065839,0.99934918,0.9991399,0.99933451,0.0007571,0.00066488,0.0008006,0.99925762,0.99921322,0.99924695,0.00081621,0.04178755,0.9993754,0.99917585,0.00066506,0.99929321,0.00075259,0.00075466,0.99919528,0.99931574,0.99919504,0.00085719,0.99926931,0.99929154,0.00063222,0.10158414,0.99932587,0.99926215,0.00058831,0.00073482,0.99939632,0.99914014,0.99927145,0.14329085,0.99921381,0.86166477,0.99925011,0.00072012,0.99933606,0.00078117,0.00068219,0.9992649,0.00077859,0.99924541,0.00080136,0.99926549,0.00060401,0.00069146,0.00080926,0.99929667,0.00077323,0.9991709,0.00073812,0.00070598,0.99918371,0.00074706,0.15850459,0.99918956,0.99919945,0.00079873,0.99938273,0.99940538,0.00076681,0.9994061,0.99927133,0.99915588,0.99929762,0.00077665,0.00079378,0.00059517,0.00068492,0.99922466,0.99928361,0.99933106,0.00080086,0.00078607,0.99937433,0.0007895,0.99935597,0.00072922],[0.99980533,0.00017936,0.00020116,0.99983621,0.99981761,0.00017255,0.00018148,0.00023402,0.9998461,0.99978513,0.00021745,0.99981785,0.95842838,0.99982727,0.00017408,0.00019883,0.99979568,0.93633568,0.99978262,0.00019033,0.00021705,0.84734237,0.00021045,0.99980915,0.00020855,0.00017274,0.00015158,0.99982679,0.00020884,0.00020207,0.99980462,0.00023031,0.00018667,0.99982119,0.00019546,0.99979758,0.00019141,0.99979925,0.00018654,0.00021718,0.00017014,0.99982059,0.00022509,0.0002122,0.99978834,0.00021806,0.99980068,0.99982619,0.00022125,0.99984074,0.99980152,0.9997856,0.00021012,0.00018948,0.00021714,0.9997983,0.99984348,0.99979007,0.00023164,0.09418076,0.99982834,0.9998194,0.00020001,0.99979961,0.00020185,0.00019338,0.99978787,0.99983716,0.99980557,0.00021256,0.99980307,0.99976975,0.00018937,0.1515664,0.99985409,0.99982858,0.00019836,0.00019502,0.99979711,0.99981928,0.99982834,0.53370172,0.99977201,0.41561109,0.99983752,0.00020418,0.9997856,0.00019076,0.00016887,0.99981594,0.0002134,0.99978358,0.00021873,0.99978155,0.00011675,0.00015551,0.00018925,0.99982238,0.00020605,0.99983656,0.00017563,0.00022066,0.99983275,0.00021129,0.61691874,0.99976951,0.99980509,0.00020938,0.9998014,0.99982321,0.00015122,0.99978286,0.99980772,0.99981689,0.99981439,0.00018117,0.00021964,0.00014716,0.00016304,0.99981797,0.99979782,0.99979174,0.00020572,0.00020475,0.9998436,0.00020592,0.9997952,0.00018358],[0.99931049,0.00071831,0.000731,0.99937963,0.99948478,0.0005928,0.00079141,0.00066662,0.99950171,0.99927336,0.00071871,0.99932075,0.57054079,0.99932325,0.00067438,0.00053202,0.99935848,0.94906843,0.99922824,0.00059358,0.00060889,0.94131643,0.00063568,0.99940753,0.00069612,0.00059012,0.00048064,0.99943823,0.00070699,0.00067872,0.99918598,0.00069448,0.00075035,0.99939334,0.0006467,0.99925047,0.0007215,0.99924397,0.00076329,0.00066687,0.00071066,0.99935859,0.00070116,0.00072,0.99937481,0.00059135,0.99944836,0.9993279,0.00067443,0.99944836,0.99920028,0.99938548,0.00064474,0.00058717,0.00074587,0.99940133,0.99926478,0.99928278,0.00079643,0.05639666,0.99946433,0.99922323,0.00060763,0.99933487,0.00073129,0.00067334,0.99924868,0.99939585,0.99925476,0.00075625,0.99932539,0.99935824,0.0006354,0.13215843,0.99945468,0.99936396,0.00053072,0.00070236,0.99938405,0.99920422,0.99936992,0.21861228,0.99923992,0.84698164,0.99932182,0.00064047,0.99940264,0.00062937,0.00060556,0.99924028,0.00070029,0.99927455,0.00075447,0.99926788,0.00053932,0.0006551,0.00073832,0.99936682,0.00071138,0.99924952,0.00066565,0.00065624,0.99932408,0.00069027,0.17269889,0.99920267,0.99930274,0.00075916,0.99943131,0.99944967,0.00056844,0.99943048,0.99938548,0.99923265,0.99934417,0.00071042,0.00074257,0.00042977,0.00057481,0.99926001,0.99933702,0.99936014,0.00067692,0.00072073,0.99944645,0.00065913,0.99942148,0.00070262],[0.9999274,0.00006327,0.00009325,0.99992907,0.9999069,0.00005818,0.00007096,0.00007956,0.99993193,0.99993336,0.00007677,0.99992502,0.94200647,0.9998982,0.00007097,0.00006172,0.99992907,0.7533192,0.99992716,0.00007544,0.00008711,0.32711366,0.00008426,0.99992657,0.00009818,0.00006273,0.00006025,0.99991858,0.00006893,0.0000958,0.99991488,0.00009835,0.00007005,0.9999404,0.00008041,0.99992168,0.00007778,0.99992239,0.000068,0.00007395,0.00005223,0.99993098,0.0000917,0.00008857,0.99989808,0.00007473,0.99989784,0.99992275,0.00008459,0.999933,0.99992943,0.99989927,0.00007183,0.00008169,0.00006793,0.99991632,0.99994195,0.99992406,0.00009668,0.08168526,0.99992239,0.99991739,0.00007669,0.99990726,0.00008979,0.00009284,0.99992251,0.99993849,0.99992371,0.00007969,0.99990916,0.99990153,0.00008702,0.12820718,0.99994838,0.99993908,0.00009786,0.00007876,0.99991965,0.99993145,0.99994195,0.24105909,0.99991155,0.40442556,0.99994087,0.00012868,0.99990642,0.00008753,0.0001068,0.99993837,0.00008542,0.99991167,0.00007441,0.99992573,0.00003683,0.00006689,0.00007062,0.99992573,0.00006425,0.99993157,0.00007319,0.00008127,0.99994075,0.00009165,0.43990278,0.99991572,0.99992704,0.00008482,0.99990213,0.99990094,0.00005908,0.99990404,0.99992657,0.99994016,0.99992275,0.00005665,0.00007621,0.00006232,0.00007705,0.99992692,0.99991167,0.99990571,0.00008501,0.00009557,0.999915,0.00006908,0.99992406,0.0000811],[0.99949765,0.00059496,0.00047843,0.99950099,0.99961746,0.00063194,0.00053736,0.00058075,0.99939454,0.99935263,0.00067598,0.99938774,0.88608986,0.99965525,0.00057611,0.0005645,0.99943882,0.97276241,0.99942386,0.00068114,0.00070148,0.94814157,0.00073842,0.99939847,0.00048918,0.00045454,0.00042756,0.99939394,0.000695,0.0006093,0.99938381,0.00060395,0.00053131,0.99964964,0.00064271,0.99936432,0.0004768,0.99948037,0.00068989,0.0005934,0.00037499,0.99940956,0.00069599,0.00060291,0.99947625,0.00052716,0.99951899,0.99955457,0.0005072,0.9995091,0.99934894,0.99944812,0.00060002,0.00060519,0.00054104,0.99958318,0.99944943,0.99951744,0.00053557,0.0390298,0.99935263,0.99953091,0.0005483,0.99953401,0.00058451,0.00050369,0.99940407,0.99959761,0.99944049,0.00059487,0.99947029,0.99935812,0.00058934,0.16582756,0.99938512,0.99924928,0.00049046,0.00058001,0.9992829,0.99950492,0.99946266,0.90228599,0.9994123,0.90170687,0.99936908,0.00048756,0.99927086,0.00034874,0.00032066,0.99939108,0.00050497,0.99941766,0.00060797,0.99923503,0.00084679,0.00040338,0.00053812,0.99942952,0.00069528,0.9995833,0.00053236,0.00065086,0.99947953,0.00047983,0.02850832,0.99942029,0.99933177,0.0005719,0.99954826,0.99965465,0.00049845,0.99944836,0.99932575,0.99946505,0.99942005,0.0006515,0.0005471,0.00039175,0.00058255,0.99950397,0.99957842,0.99939024,0.00056697,0.00052177,0.9996264,0.00043964,0.99933511,0.0003836],[0.99952972,0.00043648,0.00052022,0.99955994,0.99950564,0.00040872,0.00048263,0.00047952,0.99961388,0.99957508,0.00047019,0.99953717,0.88234878,0.99945182,0.00044792,0.0003343,0.99955386,0.79754645,0.99954051,0.00043173,0.00047858,0.67422229,0.00046176,0.99951541,0.00058072,0.00037276,0.00024305,0.99955565,0.0004755,0.00053785,0.99943393,0.00050247,0.00045581,0.99959058,0.00045571,0.99947387,0.00050094,0.99947649,0.00047908,0.00048076,0.00037512,0.99953055,0.00055803,0.00054534,0.99943799,0.0004622,0.99947327,0.99947101,0.00049407,0.99960291,0.99954456,0.99947017,0.00048475,0.00044156,0.00046353,0.99953884,0.99957865,0.99952435,0.00054475,0.04862608,0.99954611,0.99945599,0.00047836,0.99947125,0.00052739,0.00055241,0.99948978,0.99962449,0.99948847,0.00046855,0.99949133,0.99951136,0.0004831,0.19074231,0.999668,0.99962509,0.00045709,0.00050272,0.99955362,0.9995085,0.99962485,0.14598189,0.99949861,0.23929159,0.9996047,0.00052901,0.99948132,0.00055354,0.00058351,0.99958807,0.00050028,0.99948943,0.00045762,0.99954706,0.00017867,0.00043002,0.00048126,0.99947208,0.00041669,0.99953717,0.0004451,0.00050948,0.9995622,0.00056401,0.15104808,0.99947351,0.99955827,0.00055693,0.9995172,0.99948728,0.00039243,0.99952435,0.99953544,0.99955851,0.99949801,0.00039277,0.0004956,0.00031544,0.00044708,0.99954325,0.99948931,0.99949312,0.00052735,0.00054715,0.99959368,0.00048723,0.99956769,0.00048232],[0.99940228,0.00055637,0.0006196,0.9995209,0.99945039,0.00054604,0.00049693,0.00048114,0.99947041,0.99955148,0.00051143,0.99942136,0.89500564,0.99954909,0.00047071,0.00052154,0.99946195,0.07082895,0.99946624,0.00053346,0.00054487,0.91870642,0.00050765,0.99954337,0.00051884,0.00046018,0.00063209,0.99951077,0.00052008,0.00055519,0.9995442,0.0004672,0.00051518,0.99935108,0.00049952,0.99949503,0.00050079,0.99944061,0.00052066,0.00045873,0.00046517,0.99947637,0.00045545,0.00054109,0.99950051,0.00053765,0.9995153,0.99946088,0.0004964,0.99949419,0.9994542,0.99954873,0.000528,0.00050983,0.00046832,0.99933821,0.9995302,0.99948537,0.00044931,0.23816182,0.99955982,0.99946839,0.00049372,0.99950778,0.00055847,0.00048647,0.99952328,0.99952996,0.99950457,0.00061009,0.99946386,0.99947578,0.00051501,0.10203469,0.99943823,0.9994573,0.00053357,0.00041661,0.99946469,0.9993813,0.99947762,0.27442449,0.99952769,0.83987308,0.99951041,0.00044303,0.99955231,0.00052289,0.00062205,0.99951661,0.00051963,0.99950624,0.00048026,0.99949884,0.00074382,0.00047634,0.00050392,0.99943656,0.0005296,0.99943155,0.00051109,0.00046978,0.99939382,0.00061641,0.26143789,0.99951661,0.9994868,0.00049866,0.99949849,0.99941468,0.00057445,0.99950349,0.99951327,0.99942374,0.99947751,0.00056074,0.00052303,0.0005492,0.00050886,0.99949574,0.99947137,0.99948001,0.00048756,0.00047186,0.99941516,0.00053582,0.9994936,0.00047203],[0.99967158,0.0002973,0.00031438,0.99971694,0.99969977,0.000269,0.00031732,0.00033067,0.99975055,0.99969238,0.00031232,0.99966955,0.9172557,0.9997198,0.00027538,0.00044688,0.99967086,0.91685361,0.99965954,0.00028168,0.00031899,0.90657997,0.0002829,0.99969822,0.00040099,0.00025855,0.00036077,0.99971861,0.00029427,0.00035094,0.99966872,0.00038135,0.00035062,0.99967909,0.00029306,0.99966013,0.00035037,0.99963033,0.00030607,0.00031284,0.00029798,0.99968535,0.00033529,0.00035597,0.99961329,0.00031684,0.99967337,0.9996618,0.00034227,0.99975544,0.99968714,0.9996568,0.00033899,0.00027535,0.00029999,0.9996376,0.99972206,0.99961472,0.0003868,0.07424345,0.999744,0.99967527,0.00035107,0.99965835,0.00035235,0.0003337,0.99968952,0.99972087,0.99963713,0.00039896,0.99965048,0.99968064,0.00031417,0.39243665,0.9997862,0.99973768,0.00028987,0.00031467,0.99967432,0.99965394,0.99972504,0.13391878,0.99964285,0.11965546,0.99975902,0.00033838,0.99969989,0.00035516,0.00033118,0.99970871,0.00033471,0.99963284,0.00031384,0.99969369,0.00022283,0.00025492,0.00031337,0.99965525,0.00029768,0.99965012,0.00029912,0.00038569,0.99967813,0.00041826,0.78511715,0.99965429,0.99968928,0.00038115,0.99973661,0.99966538,0.0002998,0.99967623,0.99971741,0.99967909,0.99970561,0.0002906,0.000335,0.00025065,0.00026827,0.99971694,0.99961281,0.99967194,0.00035474,0.00033924,0.99975342,0.00033808,0.99972326,0.0003111],[0.99932361,0.00065664,0.00072718,0.99930704,0.99902904,0.00067996,0.00067296,0.00084682,0.99910694,0.99932694,0.00065674,0.99925619,0.86581427,0.99905115,0.0007992,0.00061622,0.99917871,0.88718289,0.99924833,0.00084865,0.00077666,0.14152643,0.00086032,0.99914479,0.00091046,0.00081443,0.00104724,0.99902642,0.00068896,0.00081097,0.99923635,0.0007686,0.00082648,0.999385,0.00076123,0.99920386,0.00084481,0.99922907,0.00069188,0.00076199,0.00072894,0.99932969,0.00083708,0.00077213,0.99909472,0.00062682,0.99904317,0.99922729,0.00080898,0.99911159,0.99932635,0.99907756,0.00067791,0.00081158,0.00077013,0.99935418,0.99915481,0.99927098,0.00080135,0.10236799,0.99910504,0.999268,0.00074788,0.99915481,0.00082501,0.00085244,0.99924964,0.99917454,0.99922812,0.00068075,0.99922287,0.99920338,0.00083674,0.34912914,0.99920648,0.99916744,0.00077352,0.00100302,0.9992066,0.99936551,0.99930227,0.29736429,0.99921739,0.91048819,0.99925095,0.00083834,0.99914491,0.00062637,0.00083451,0.99918491,0.00067422,0.99921632,0.00073747,0.99922216,0.00089072,0.00057876,0.00076383,0.99923491,0.00063792,0.99926585,0.0007353,0.00072024,0.99933547,0.00070766,0.12961061,0.99926728,0.99928349,0.00072144,0.99905318,0.99895597,0.00068657,0.9991492,0.99914074,0.99941921,0.99914479,0.0006619,0.00077989,0.00090257,0.00097156,0.99932027,0.99913305,0.99906927,0.00080233,0.00067221,0.99915922,0.00058092,0.99923015,0.00073944],[0.99967599,0.00030055,0.0002807,0.99968427,0.99969572,0.00027503,0.00031032,0.00027166,0.99965262,0.99969715,0.00032196,0.99969596,0.95483011,0.99978,0.0003052,0.0002735,0.99972016,0.9726131,0.99972004,0.00030073,0.00030528,0.75897747,0.00031288,0.99974853,0.00029201,0.00030833,0.0001982,0.99967158,0.0002854,0.00026594,0.99969739,0.00026267,0.00027862,0.99971348,0.00033155,0.99973541,0.00027146,0.99974138,0.00029882,0.00029118,0.00022895,0.99970597,0.00032443,0.0002607,0.99968261,0.00034245,0.99966919,0.99975866,0.00030484,0.99965203,0.99968916,0.99971539,0.00030624,0.00032312,0.0003064,0.99968171,0.99970657,0.99973208,0.00028006,0.92102337,0.99973756,0.99972373,0.00026763,0.99967194,0.00029842,0.00031476,0.99969107,0.99969536,0.99971694,0.00027519,0.99968582,0.9996649,0.00031871,0.23895726,0.99969083,0.99968737,0.00034378,0.00028909,0.99969381,0.99970096,0.99963427,0.28172171,0.99970251,0.76764107,0.99973935,0.00022659,0.99970585,0.00026951,0.0002629,0.99978679,0.00029645,0.99966776,0.00027473,0.99970299,0.00018201,0.00026366,0.00033899,0.99971074,0.00031568,0.9997161,0.00035049,0.00027759,0.99971002,0.00026683,0.09742837,0.99971133,0.9996506,0.00029075,0.99964786,0.99980187,0.00028479,0.99970359,0.9996469,0.99974161,0.99969584,0.00026148,0.00030218,0.0002781,0.00031495,0.99968642,0.99973708,0.99968028,0.00027361,0.00032576,0.99971932,0.00032505,0.99970692,0.00030723],[0.99986386,0.00011525,0.00017606,0.99986112,0.99983847,0.00009418,0.00012803,0.0001442,0.99987507,0.99986672,0.00013068,0.99986279,0.95610321,0.99984753,0.00012745,0.00023371,0.99987781,0.95862061,0.99986804,0.00013831,0.00014963,0.55349922,0.00013613,0.99989486,0.00018516,0.00013292,0.00019206,0.9998523,0.00010897,0.00016424,0.99984336,0.00018575,0.00014096,0.99985778,0.00014279,0.99984741,0.00012579,0.99985206,0.00013148,0.00012255,0.00010839,0.99987841,0.00014778,0.00016881,0.99982142,0.00014386,0.99982429,0.99985921,0.00014871,0.99988759,0.99986684,0.99984241,0.00013714,0.00013575,0.00013326,0.99978834,0.99988723,0.99983156,0.00017727,0.05840494,0.99989223,0.99984491,0.00016073,0.99984181,0.00015856,0.0001598,0.99986732,0.99987078,0.99984586,0.00018977,0.99983907,0.9998467,0.00014125,0.36288083,0.99990416,0.9998883,0.00016263,0.00013233,0.99985218,0.99986911,0.99988592,0.08404696,0.99984229,0.13932039,0.9999119,0.00026464,0.99985635,0.00018761,0.00020378,0.99989808,0.00016352,0.99982417,0.00012899,0.99987292,0.00008183,0.00011627,0.00011485,0.99982524,0.00012366,0.99987376,0.00013674,0.00016358,0.99988592,0.00020369,0.82234943,0.99985874,0.99986029,0.00017014,0.99985242,0.99981546,0.00012536,0.99983406,0.99988043,0.99987495,0.99987578,0.00011086,0.00014375,0.00015161,0.00011427,0.99987173,0.99984443,0.99984074,0.00014251,0.00018872,0.99985635,0.00015603,0.99987984,0.00015302],[0.99975687,0.00023933,0.00028382,0.99974388,0.99970967,0.00023125,0.0002675,0.00029625,0.99978703,0.99975556,0.00028231,0.99972576,0.91932386,0.9997068,0.00023572,0.00017839,0.99971551,0.48412085,0.99972636,0.00025786,0.00028705,0.80629766,0.00027803,0.99974316,0.00029077,0.0001965,0.00011577,0.99975401,0.00026443,0.00030647,0.99970692,0.00028548,0.0002605,0.99977916,0.00027707,0.99972898,0.0002651,0.99972099,0.00028736,0.00029684,0.00018952,0.99974352,0.00030676,0.00028928,0.99970287,0.00024681,0.999726,0.99971741,0.00028584,0.99978203,0.99972624,0.99971992,0.0002906,0.00024,0.00026245,0.99975377,0.99981117,0.99973589,0.00029355,0.0528144,0.99976152,0.99973541,0.0002581,0.99971896,0.00029946,0.00029053,0.99968654,0.99982297,0.99970537,0.00025615,0.99971038,0.99970227,0.00028777,0.09446641,0.99983358,0.9997763,0.00025521,0.00026329,0.99973315,0.99971896,0.99978405,0.33315676,0.99970943,0.18362133,0.99977976,0.00027124,0.99969345,0.00030118,0.00027474,0.99976069,0.00030755,0.99973959,0.00028243,0.99972922,0.00010618,0.0002444,0.0002873,0.99972254,0.00023893,0.99976712,0.00025502,0.000307,0.99976128,0.0003201,0.15160705,0.99967515,0.99974889,0.00028229,0.99971682,0.99972934,0.00020472,0.99972266,0.99974519,0.99977452,0.99969929,0.00021284,0.00028993,0.00014846,0.00025703,0.99974102,0.99973327,0.99970883,0.00028487,0.00030292,0.99979138,0.00023509,0.9997291,0.00024119],[0.99918109,0.00080155,0.00087597,0.99938011,0.99942547,0.00068671,0.00083923,0.00079724,0.99943691,0.9991715,0.00075176,0.99930167,0.48528802,0.99917269,0.00075286,0.00067469,0.99928683,0.95767033,0.9991836,0.00066264,0.00067938,0.9467206,0.00071568,0.99926478,0.00081789,0.00068172,0.00064382,0.99937701,0.00082887,0.00076737,0.99912566,0.00074933,0.0008217,0.99921834,0.00072503,0.99915612,0.00082538,0.99918956,0.00080988,0.00077655,0.00073974,0.99928111,0.00081697,0.00077527,0.99929059,0.00073737,0.99939358,0.99923086,0.00074332,0.9993518,0.99914193,0.99930298,0.00072845,0.00066023,0.00083522,0.9992668,0.99915135,0.99924481,0.00084101,0.03738313,0.99933022,0.99912792,0.00066343,0.99928147,0.00077013,0.00075725,0.99918312,0.99933344,0.99915051,0.00081382,0.99925429,0.99928808,0.00066437,0.09322443,0.99937063,0.99923015,0.00057851,0.0008071,0.99936551,0.99914396,0.9992649,0.13996352,0.99915683,0.83521169,0.9992131,0.00073977,0.99929738,0.00077496,0.00072235,0.99918085,0.00079476,0.99918431,0.0008135,0.99922991,0.00058509,0.00072501,0.00083134,0.99928963,0.00081591,0.99914241,0.00072398,0.00079454,0.99918717,0.00075091,0.20395792,0.99915195,0.99921846,0.00082292,0.99935824,0.99936396,0.00071056,0.99936563,0.99927348,0.99913639,0.99928927,0.00077959,0.00081271,0.00058987,0.00067413,0.99923849,0.9992336,0.99931622,0.000773,0.0007862,0.99933487,0.00082161,0.99938893,0.00074209],[0.99950242,0.00053676,0.00051881,0.99950874,0.99955815,0.000538,0.00052783,0.00057534,0.99950051,0.99941278,0.0006118,0.999466,0.95602083,0.9995653,0.000509,0.00036651,0.99942857,0.77320403,0.99940109,0.00062061,0.00065036,0.87361705,0.0006193,0.99943048,0.00050738,0.00042249,0.00032128,0.99949682,0.0006265,0.00054156,0.99946874,0.00054713,0.00052396,0.99965727,0.00058393,0.99945182,0.00050188,0.99950755,0.00054688,0.00055815,0.00044518,0.99954277,0.00062158,0.00053908,0.99949098,0.00048711,0.99949932,0.99954134,0.00056629,0.99953705,0.99939799,0.99945968,0.00049337,0.00055959,0.00055583,0.99958414,0.99946505,0.99949312,0.00054382,0.22311491,0.99945718,0.99952888,0.00052505,0.99952078,0.00055796,0.00050245,0.99946302,0.99956113,0.99950457,0.00057017,0.9994818,0.99940169,0.0005582,0.1329715,0.99947637,0.99942303,0.00052542,0.0005816,0.99935049,0.99950969,0.99951375,0.82249993,0.99944276,0.85664433,0.99942076,0.00035641,0.99940717,0.00043218,0.00035826,0.99942219,0.00050954,0.99947029,0.00062862,0.99932373,0.00049246,0.00050001,0.00054444,0.99948382,0.0006383,0.99956995,0.00047524,0.00055945,0.99952817,0.00047102,0.05990663,0.99942678,0.99948061,0.00056321,0.99951673,0.99959487,0.00043386,0.99946207,0.99945015,0.99950099,0.99947089,0.00054135,0.00055009,0.00032602,0.00050927,0.99947244,0.99950922,0.99942499,0.00057563,0.00051838,0.99959773,0.00048117,0.99938977,0.00043692],[0.99949741,0.00046326,0.00040679,0.99957377,0.99949479,0.00043731,0.00041982,0.00047784,0.99949121,0.99957794,0.00044118,0.9994579,0.92873698,0.99959558,0.00044479,0.00034407,0.99950206,0.19574951,0.99951243,0.00049427,0.00046606,0.65414637,0.00047805,0.99949145,0.00053167,0.00034963,0.00040623,0.99949622,0.0004556,0.00051085,0.99956983,0.00046712,0.00048445,0.999587,0.00049701,0.99954158,0.00050885,0.99949861,0.00046285,0.00043609,0.00037623,0.99952888,0.00049778,0.00049339,0.99946243,0.00044362,0.99947762,0.99952543,0.00047375,0.99951553,0.99956244,0.99947834,0.00045656,0.00046998,0.00042731,0.99956495,0.99954921,0.99956876,0.00046225,0.23702225,0.99951637,0.99953032,0.00049323,0.99953091,0.00051048,0.00049026,0.9995566,0.99953717,0.99953979,0.0004937,0.99949706,0.9995116,0.00048952,0.1636409,0.99953729,0.99951887,0.00051133,0.00046874,0.99948728,0.99948561,0.99954659,0.35264567,0.99952161,0.86068654,0.99953485,0.00031829,0.99951518,0.00041235,0.00053839,0.99956709,0.00045442,0.99953282,0.00044161,0.99954981,0.00033153,0.00037926,0.00046223,0.99949169,0.00043278,0.99952078,0.00045147,0.00047697,0.99950016,0.00053231,0.15590148,0.99953377,0.99952948,0.00044852,0.99951577,0.99945396,0.00047481,0.99951589,0.99950719,0.99955696,0.99950051,0.00044441,0.00046138,0.00041647,0.00049497,0.99957663,0.99951863,0.99949002,0.00050274,0.00040999,0.99948096,0.00041826,0.99955231,0.00044919],[0.99956173,0.00038028,0.00041513,0.99964678,0.999538,0.00038757,0.00037092,0.00038748,0.99962008,0.99966991,0.00036824,0.99951327,0.93571889,0.99953341,0.00038245,0.00034006,0.9995566,0.19402318,0.99958307,0.00041499,0.00040213,0.6684615,0.00039758,0.99957436,0.00048285,0.00032191,0.00033142,0.99958998,0.00038583,0.00050992,0.99959308,0.00041637,0.00042024,0.99960995,0.00038705,0.99957365,0.00047072,0.99956137,0.00042546,0.00037614,0.000325,0.99956769,0.00044857,0.00044432,0.9995209,0.00039625,0.99956554,0.99952519,0.000411,0.99962723,0.99963093,0.99957758,0.00040336,0.00039715,0.00033587,0.9996345,0.99966598,0.99960303,0.00041241,0.0809615,0.99959236,0.99957544,0.00042132,0.99957937,0.00045856,0.00045829,0.99957317,0.99966919,0.99957675,0.00040315,0.99954706,0.99955398,0.00044652,0.12936746,0.99967384,0.99963272,0.00042166,0.00037235,0.99957484,0.99958533,0.99967098,0.225389,0.99958354,0.69556665,0.99962211,0.00045079,0.99955004,0.0004071,0.00054794,0.99962366,0.0004364,0.99960721,0.00038092,0.99962699,0.00025175,0.00034919,0.00036901,0.99954098,0.00035224,0.9995808,0.00039861,0.00042903,0.99961853,0.00048859,0.17335224,0.99959177,0.99960226,0.00040175,0.99957901,0.99946541,0.00039025,0.9995814,0.99961519,0.99963331,0.99952829,0.00038386,0.00038272,0.00035298,0.0004206,0.9996357,0.99956018,0.99955267,0.00043615,0.00038081,0.99953562,0.00035468,0.99962914,0.00037678],[0.99949062,0.00049856,0.00068393,0.99945253,0.99933809,0.00059464,0.0005114,0.00070874,0.99930334,0.99940443,0.00074876,0.99929583,0.92736959,0.99940348,0.00059107,0.00049696,0.99930215,0.55079949,0.99930322,0.00075348,0.00083969,0.64261484,0.0007685,0.99925739,0.00068875,0.00042234,0.00043258,0.9993093,0.00076254,0.00070703,0.99940002,0.00071338,0.00057995,0.99946719,0.00070938,0.99939823,0.00057757,0.99939191,0.00060138,0.00069901,0.00054734,0.99941802,0.00072271,0.00067435,0.99934107,0.00067857,0.99929202,0.9994269,0.00068398,0.99931419,0.99932182,0.99926156,0.00061976,0.00069608,0.00056959,0.99928266,0.99948823,0.9994275,0.00063259,0.10655606,0.99919742,0.99945873,0.00071082,0.99935931,0.00069723,0.00054185,0.99943155,0.9995172,0.99932754,0.00065643,0.9993223,0.999201,0.00078326,0.10971337,0.99944848,0.99927014,0.00087915,0.00068005,0.99913341,0.99946481,0.99941301,0.85091245,0.99938345,0.78885794,0.99925989,0.00062554,0.99916613,0.00062212,0.00051038,0.99926275,0.00064327,0.99936956,0.0006346,0.99926382,0.00047756,0.00049858,0.00059956,0.99938369,0.00076611,0.99954385,0.00061455,0.00067724,0.99947834,0.00068325,0.25482336,0.99928516,0.99942136,0.0005923,0.99918669,0.99945527,0.00056881,0.99926001,0.99935514,0.99944884,0.99937111,0.00060769,0.00061799,0.00054931,0.00060814,0.99942452,0.99938273,0.99926287,0.00070036,0.00063187,0.99953234,0.00060245,0.99912483,0.00052994],[0.99974054,0.0002549,0.00041064,0.99967992,0.99965477,0.0002271,0.00029674,0.00027952,0.99976653,0.99977332,0.00024977,0.99974042,0.97148287,0.99949098,0.00027252,0.00025204,0.99973148,0.55309665,0.99975544,0.00028223,0.00029272,0.61974472,0.00030974,0.9997254,0.00035156,0.00031149,0.0002057,0.99970359,0.00026464,0.00032401,0.99963689,0.00032489,0.00029474,0.99977094,0.0002646,0.99968868,0.00031762,0.99970263,0.00027747,0.00027061,0.00023451,0.99972492,0.00034565,0.00029821,0.99964535,0.00021821,0.99962652,0.99964499,0.00030371,0.99974972,0.99974018,0.99961746,0.00025761,0.00027318,0.00029691,0.99972266,0.99978727,0.99969167,0.00035986,0.10264055,0.99972183,0.99964869,0.00028274,0.99964714,0.00033827,0.000392,0.99966347,0.99977213,0.99968243,0.00026017,0.99969405,0.99970895,0.00032175,0.12515868,0.99980414,0.99978751,0.00027094,0.00035469,0.99974173,0.99972135,0.99978465,0.1