var vectors = [tf.tensor([0.99982,0.00016,0.00019,0.99983,0.99983,0.00014,0.00018,0.00018,0.99987,0.99983,0.00019,0.99982,0.93892,0.99982,0.00015,0.00022,0.99983,0.90243,0.99982,0.00016,0.00019,0.9166,0.00016,0.99984,0.00022,0.00014,0.00017,0.99986,0.00016,0.00021,0.9998,0.00022,0.00019,0.99984,0.00016,0.99981,0.00019,0.99979,0.00017,0.00017,0.00016,0.99984,0.00018,0.0002,0.99978,0.00019,0.99982,0.99981,0.0002,0.99987,0.99982,0.99982,0.00019,0.00015,0.00018,0.99981,0.99985,0.99979,0.00023,0.07491,0.99987,0.99981,0.00019,0.99981,0.0002,0.00019,0.99983,0.99985,0.9998,0.00025,0.99981,0.99982,0.00017,0.27616,0.99989,0.99985,0.00017,0.00017,0.99981,0.9998,0.99985,0.13612,0.99981,0.16003,0.99987,0.0002,0.99984,0.0002,0.00019,0.99985,0.0002,0.99978,0.00018,0.99983,0.0001,0.00015,0.00017,0.99982,0.00018,0.99982,0.00016,0.00022,0.99982,0.00026,0.8564,0.9998,0.99982,0.00022,0.99985,0.99981,0.00015,0.9998,0.99985,0.99981,0.99984,0.00016,0.00019,0.00011,0.00013,0.99982,0.99979,0.99981,0.00019,0.0002,0.99985,0.0002,0.99983,0.00019]),tf.tensor([0.99951,0.00043,0.0004,0.99959,0.99958,0.00042,0.00046,0.00044,0.99953,0.99953,0.00049,0.99955,0.93114,0.99968,0.00042,0.00045,0.99955,0.97798,0.99955,0.00045,0.00045,0.77532,0.00044,0.99958,0.00043,0.00041,0.00037,0.99958,0.00047,0.00041,0.99956,0.00041,0.00041,0.99957,0.00048,0.99957,0.00041,0.99957,0.00044,0.00044,0.00038,0.99954,0.00046,0.00043,0.99957,0.00049,0.99958,0.99961,0.00047,0.99958,0.99954,0.9996,0.00046,0.00044,0.00044,0.99954,0.99955,0.99959,0.00042,0.83703,0.99961,0.99957,0.00039,0.99955,0.00045,0.00041,0.99957,0.99958,0.99958,0.00042,0.99954,0.99953,0.00044,0.45425,0.9996,0.99957,0.00048,0.0004,0.99956,0.99956,0.99955,0.26746,0.99957,0.81767,0.99958,0.00029,0.99957,0.00039,0.00037,0.99963,0.00048,0.99953,0.0004,0.99955,0.00034,0.00037,0.00052,0.99958,0.00045,0.99956,0.00046,0.00041,0.99956,0.00042,0.09205,0.99954,0.9995,0.00043,0.99954,0.99969,0.00042,0.99957,0.99953,0.99958,0.99955,0.00043,0.00049,0.0004,0.00044,0.99954,0.99959,0.99954,0.00043,0.00043,0.99961,0.00047,0.99955,0.00041]),tf.tensor([0.99967,0.00036,0.00039,0.99963,0.99963,0.00035,0.00042,0.00046,0.99964,0.99954,0.00049,0.99955,0.96821,0.99966,0.00041,0.0004,0.99954,0.97401,0.99953,0.0004,0.0005,0.91017,0.00047,0.99958,0.00045,0.00042,0.0002,0.99957,0.00053,0.00046,0.99956,0.00056,0.00041,0.99973,0.00049,0.99953,0.00037,0.99958,0.00045,0.00049,0.00035,0.99961,0.00053,0.00044,0.99954,0.00036,0.99957,0.99963,0.00053,0.99962,0.99956,0.99953,0.00048,0.00047,0.00048,0.99962,0.99968,0.99952,0.00049,0.16546,0.9996,0.99963,0.00049,0.99958,0.00046,0.0004,0.99954,0.99968,0.99955,0.00045,0.99956,0.99948,0.00048,0.18925,0.99969,0.99958,0.00045,0.00043,0.99949,0.99962,0.99958,0.74224,0.9995,0.09266,0.99963,0.0004,0.99952,0.00047,0.00029,0.99958,0.00049,0.99954,0.00053,0.9995,0.00018,0.00033,0.00048,0.99952,0.00039,0.9997,0.0004,0.00055,0.99965,0.00047,0.28568,0.99951,0.99957,0.00049,0.99952,0.99968,0.00032,0.99953,0.99954,0.99969,0.99954,0.00035,0.00048,0.00023,0.00033,0.99963,0.9996,0.99951,0.00043,0.00048,0.99977,0.00037,0.99953,0.00035]),tf.tensor([0.99951,0.00045,0.00039,0.9996,0.9995,0.00045,0.00041,0.00046,0.99953,0.99962,0.00037,0.99949,0.95696,0.99952,0.00045,0.00041,0.99951,0.27468,0.99954,0.00049,0.00044,0.6067,0.00045,0.9995,0.00054,0.00037,0.00055,0.99951,0.00044,0.00051,0.99956,0.00044,0.00046,0.99959,0.00047,0.99952,0.0005,0.99952,0.00047,0.0004,0.00035,0.99953,0.00051,0.00047,0.99948,0.0004,0.99949,0.9995,0.00044,0.99955,0.9996,0.99949,0.00043,0.00046,0.00039,0.99963,0.99957,0.99954,0.00046,0.12276,0.99952,0.99957,0.00047,0.99954,0.0005,0.00052,0.99956,0.99959,0.99951,0.00043,0.99949,0.99952,0.00049,0.20985,0.99958,0.9996,0.00045,0.00049,0.99953,0.99957,0.99963,0.25813,0.99955,0.84878,0.99956,0.00037,0.99951,0.00038,0.00057,0.99958,0.00044,0.99957,0.00041,0.99958,0.00032,0.00039,0.00044,0.99949,0.00037,0.99954,0.00042,0.00047,0.9996,0.0005,0.08934,0.99956,0.99956,0.00043,0.99954,0.99941,0.00046,0.99955,0.99954,0.99963,0.99949,0.00043,0.00042,0.00048,0.00053,0.9996,0.99952,0.99951,0.0005,0.0004,0.99944,0.00034,0.9996,0.0004]),tf.tensor([0.99914,0.00102,0.00085,0.9991,0.99917,0.00097,0.00098,0.00105,0.99885,0.99894,0.00091,0.99896,0.91112,0.99928,0.00099,0.00142,0.99901,0.97298,0.999,0.00116,0.00101,0.86395,0.00107,0.99909,0.00104,0.00104,0.00092,0.9989,0.00096,0.00091,0.99898,0.0011,0.00099,0.99904,0.00111,0.99899,0.00081,0.999,0.00103,0.00109,0.00089,0.999,0.00106,0.00102,0.99896,0.00086,0.99907,0.99919,0.00113,0.99902,0.99911,0.99892,0.00115,0.00099,0.0011,0.99893,0.99908,0.99875,0.00105,0.16973,0.99899,0.99915,0.00114,0.99907,0.00106,0.00097,0.99891,0.99906,0.99886,0.0009,0.99897,0.99897,0.00113,0.67019,0.99899,0.999,0.00091,0.00099,0.99892,0.99916,0.99906,0.67264,0.99886,0.64125,0.99908,0.00087,0.99891,0.00087,0.00075,0.99895,0.001,0.99899,0.00097,0.99889,0.0009,0.00098,0.001,0.99887,0.00083,0.9992,0.00098,0.00134,0.99921,0.00099,0.30477,0.99901,0.99883,0.00108,0.99905,0.99936,0.00099,0.99915,0.99888,0.99922,0.99901,0.00079,0.00106,0.00095,0.0009,0.99912,0.99914,0.99894,0.001,0.00098,0.99931,0.00086,0.99906,0.00085]),tf.tensor([0.99969,0.00031,0.00033,0.99965,0.99958,0.00033,0.00035,0.00037,0.99965,0.99968,0.00033,0.99961,0.94756,0.99959,0.00037,0.0003,0.9996,0.73696,0.99966,0.00041,0.00039,0.49008,0.00038,0.99961,0.00048,0.00025,0.00026,0.99962,0.00032,0.00041,0.99956,0.00037,0.00037,0.99972,0.00036,0.99963,0.00043,0.99961,0.00039,0.00035,0.00028,0.99969,0.00046,0.0004,0.99953,0.00032,0.99955,0.99957,0.00037,0.99967,0.99969,0.99956,0.00034,0.00034,0.00038,0.99971,0.99967,0.99965,0.00043,0.03774,0.9996,0.99957,0.00038,0.99958,0.00042,0.00042,0.99961,0.99969,0.99962,0.00035,0.99959,0.99963,0.0004,0.28863,0.99973,0.9997,0.00038,0.00042,0.99962,0.99961,0.99973,0.19121,0.99962,0.17011,0.99968,0.00039,0.9996,0.00036,0.00045,0.99968,0.00034,0.99962,0.00035,0.99967,0.00013,0.0003,0.00041,0.99959,0.00028,0.99965,0.00035,0.00036,0.99967,0.00042,0.15071,0.99959,0.9997,0.00039,0.99956,0.99955,0.00028,0.99961,0.99962,0.9997,0.99957,0.00028,0.00037,0.00028,0.00041,0.99967,0.99961,0.99959,0.00039,0.00039,0.99963,0.00028,0.99967,0.00037]),tf.tensor([0.99967,0.00034,0.00027,0.99963,0.99958,0.00038,0.00041,0.00045,0.99959,0.9996,0.0004,0.99952,0.94548,0.99972,0.00042,0.00037,0.99955,0.96809,0.9996,0.00041,0.00046,0.84002,0.00042,0.99961,0.00049,0.00033,0.00025,0.99957,0.00039,0.00043,0.99959,0.00046,0.00042,0.99973,0.00045,0.99958,0.00038,0.99957,0.00043,0.00043,0.00032,0.99962,0.00051,0.00041,0.99954,0.00033,0.99957,0.99959,0.00043,0.9996,0.9996,0.99953,0.00046,0.00043,0.00042,0.99969,0.99965,0.99951,0.00046,0.16656,0.99961,0.99962,0.00048,0.99958,0.00042,0.00042,0.99954,0.99965,0.99954,0.00038,0.99953,0.99956,0.00043,0.43388,0.9997,0.99963,0.00043,0.00037,0.99955,0.9996,0.99959,0.59641,0.9995,0.1757,0.99967,0.00024,0.99958,0.00033,0.00034,0.99962,0.00042,0.99955,0.00047,0.99957,0.00019,0.00028,0.00044,0.99955,0.00032,0.99961,0.00041,0.00048,0.99961,0.00044,0.2837,0.99957,0.99958,0.00046,0.99954,0.99964,0.00032,0.99959,0.99955,0.99966,0.99954,0.00032,0.00043,0.00029,0.00036,0.99966,0.99958,0.99952,0.0004,0.00045,0.99974,0.00032,0.99963,0.00038]),tf.tensor([0.99909,0.00092,0.00118,0.99906,0.99914,0.00088,0.00091,0.00093,0.99918,0.99911,0.00096,0.99915,0.92446,0.99905,0.00083,0.00082,0.99902,0.10135,0.99906,0.0009,0.00096,0.87936,0.00089,0.99911,0.00087,0.00087,0.00065,0.99915,0.00097,0.00092,0.99913,0.00087,0.00089,0.99903,0.00089,0.99914,0.00089,0.99903,0.0009,0.00092,0.00095,0.99917,0.00084,0.00099,0.99916,0.00098,0.99914,0.99913,0.00094,0.99916,0.99904,0.9992,0.00096,0.00084,0.00088,0.99884,0.99914,0.99906,0.00088,0.36738,0.99924,0.99907,0.00086,0.99908,0.00099,0.00083,0.99912,0.99918,0.99906,0.00102,0.99905,0.99908,0.0009,0.07951,0.99914,0.99915,0.00098,0.00085,0.99909,0.99907,0.99909,0.48203,0.99909,0.68321,0.99907,0.00094,0.99916,0.00108,0.00093,0.99904,0.00096,0.99909,0.00095,0.99909,0.00088,0.001,0.00089,0.99909,0.00101,0.99911,0.0009,0.00093,0.99909,0.00098,0.25891,0.99902,0.9991,0.00093,0.99907,0.99912,0.00085,0.99908,0.99914,0.99898,0.99912,0.00084,0.001,0.0007,0.00089,0.99908,0.99908,0.99909,0.0009,0.00093,0.99908,0.00105,0.99907,0.00092]),tf.tensor([0.99872,0.00128,0.00143,0.99857,0.99875,0.00126,0.0015,0.00139,0.99847,0.9986,0.00141,0.99852,0.76018,0.99868,0.00133,0.00198,0.99867,0.97773,0.99847,0.00166,0.00149,0.80124,0.00157,0.99864,0.00143,0.0013,0.00112,0.99849,0.00154,0.00136,0.9984,0.00151,0.00137,0.99845,0.00147,0.99847,0.00125,0.99849,0.00153,0.00151,0.00124,0.99855,0.00152,0.00154,0.99863,0.00119,0.99868,0.99873,0.00164,0.99881,0.9985,0.9984,0.00141,0.00129,0.00145,0.99834,0.99868,0.9984,0.0016,0.08477,0.99846,0.99869,0.00165,0.99861,0.00166,0.00139,0.99858,0.99881,0.99853,0.00152,0.99854,0.99865,0.00166,0.67845,0.9988,0.99869,0.00129,0.00142,0.99841,0.99877,0.99883,0.40224,0.9985,0.73492,0.99852,0.00158,0.9984,0.00134,0.00134,0.99846,0.00153,0.99861,0.00135,0.99828,0.00094,0.00129,0.00144,0.99836,0.00135,0.99885,0.0013,0.00166,0.99884,0.00151,0.19496,0.99844,0.99847,0.00169,0.99863,0.99883,0.00139,0.9987,0.99866,0.9987,0.99853,0.00128,0.00155,0.00116,0.00121,0.99857,0.99878,0.99847,0.00155,0.00141,0.999,0.00132,0.99856,0.00124]),tf.tensor([0.99969,0.00029,0.00041,0.99959,0.99951,0.00029,0.00035,0.00039,0.99962,0.99966,0.0003,0.99963,0.95936,0.99943,0.00037,0.00034,0.99964,0.87019,0.99964,0.00042,0.0004,0.14202,0.00042,0.99961,0.00051,0.00034,0.00039,0.99956,0.00032,0.00042,0.99958,0.00046,0.00039,0.99973,0.00038,0.99962,0.00042,0.99965,0.00033,0.00037,0.00034,0.9997,0.00045,0.00042,0.9995,0.00032,0.9995,0.99962,0.00043,0.99964,0.99967,0.99953,0.00032,0.0004,0.0004,0.99962,0.99965,0.99958,0.00044,0.09377,0.99963,0.99958,0.00039,0.99952,0.00044,0.00048,0.99964,0.99964,0.99958,0.00037,0.99957,0.99959,0.00043,0.34949,0.99971,0.99967,0.00045,0.00044,0.99958,0.99967,0.99969,0.16503,0.99959,0.44595,0.99968,0.00063,0.99956,0.00041,0.00051,0.99964,0.00038,0.99956,0.00038,0.99964,0.00021,0.00031,0.00034,0.99957,0.00029,0.99965,0.00038,0.00039,0.99971,0.00045,0.28739,0.99962,0.99967,0.00039,0.99951,0.99944,0.00029,0.99953,0.9996,0.99972,0.9996,0.00028,0.00037,0.00033,0.0004,0.99963,0.99956,0.99953,0.00039,0.00045,0.99956,0.0003,0.99964,0.00044]),tf.tensor([0.99897,0.0011,0.00126,0.99889,0.99913,0.00093,0.00134,0.00115,0.99914,0.99881,0.00118,0.99892,0.5614,0.99875,0.00111,0.00088,0.99885,0.95422,0.99872,0.00098,0.00102,0.93533,0.00104,0.99898,0.00116,0.00106,0.00082,0.999,0.00123,0.00113,0.99864,0.00116,0.00128,0.999,0.00108,0.99869,0.00119,0.99879,0.00129,0.00119,0.00133,0.99887,0.0012,0.00119,0.99901,0.00096,0.99905,0.9989,0.00119,0.99909,0.99867,0.99894,0.00111,0.00094,0.00124,0.99901,0.99871,0.99871,0.00131,0.04855,0.99904,0.99873,0.00102,0.99894,0.00122,0.0011,0.99877,0.99908,0.99874,0.00117,0.9989,0.99894,0.00107,0.18558,0.99915,0.99895,0.00087,0.00129,0.99902,0.99879,0.99905,0.24805,0.99877,0.79596,0.9988,0.00107,0.99901,0.0011,0.00096,0.99866,0.00117,0.99881,0.00135,0.99876,0.00094,0.00122,0.00128,0.99889,0.00115,0.99889,0.00111,0.00115,0.99896,0.00109,0.10997,0.99868,0.99886,0.00126,0.99907,0.99909,0.00096,0.99901,0.99895,0.99881,0.9989,0.00108,0.00123,0.00075,0.00097,0.99883,0.99885,0.99897,0.00117,0.00115,0.99896,0.00114,0.99898,0.0011]),tf.tensor([0.99918,0.00086,0.00085,0.99936,0.99944,0.0007,0.00079,0.00078,0.99944,0.99918,0.00076,0.9993,0.34995,0.99926,0.00073,0.00063,0.99929,0.95464,0.99921,0.00063,0.00066,0.95966,0.0007,0.99933,0.00081,0.00074,0.00064,0.99938,0.00077,0.00079,0.99913,0.00072,0.00081,0.99917,0.00069,0.99922,0.00076,0.99919,0.00084,0.00076,0.00072,0.9992,0.00076,0.00074,0.99932,0.00074,0.99941,0.99927,0.00066,0.99935,0.99914,0.99933,0.00076,0.00066,0.0008,0.99926,0.99921,0.99925,0.00082,0.04179,0.99938,0.99918,0.00067,0.99929,0.00075,0.00075,0.9992,0.99932,0.9992,0.00086,0.99927,0.99929,0.00063,0.10158,0.99933,0.99926,0.00059,0.00073,0.9994,0.99914,0.99927,0.14329,0.99921,0.86166,0.99925,0.00072,0.99934,0.00078,0.00068,0.99926,0.00078,0.99925,0.0008,0.99927,0.0006,0.00069,0.00081,0.9993,0.00077,0.99917,0.00074,0.00071,0.99918,0.00075,0.1585,0.99919,0.9992,0.0008,0.99938,0.99941,0.00077,0.99941,0.99927,0.99916,0.9993,0.00078,0.00079,0.0006,0.00068,0.99922,0.99928,0.99933,0.0008,0.00079,0.99937,0.00079,0.99936,0.00073]),tf.tensor([0.99981,0.00018,0.0002,0.99984,0.99982,0.00017,0.00018,0.00023,0.99985,0.99979,0.00022,0.99982,0.95843,0.99983,0.00017,0.0002,0.9998,0.93634,0.99978,0.00019,0.00022,0.84734,0.00021,0.99981,0.00021,0.00017,0.00015,0.99983,0.00021,0.0002,0.9998,0.00023,0.00019,0.99982,0.0002,0.9998,0.00019,0.9998,0.00019,0.00022,0.00017,0.99982,0.00023,0.00021,0.99979,0.00022,0.9998,0.99983,0.00022,0.99984,0.9998,0.99979,0.00021,0.00019,0.00022,0.9998,0.99984,0.99979,0.00023,0.09418,0.99983,0.99982,0.0002,0.9998,0.0002,0.00019,0.99979,0.99984,0.99981,0.00021,0.9998,0.99977,0.00019,0.15157,0.99985,0.99983,0.0002,0.0002,0.9998,0.99982,0.99983,0.5337,0.99977,0.41561,0.99984,0.0002,0.99979,0.00019,0.00017,0.99982,0.00021,0.99978,0.00022,0.99978,0.00012,0.00016,0.00019,0.99982,0.00021,0.99984,0.00018,0.00022,0.99983,0.00021,0.61692,0.99977,0.99981,0.00021,0.9998,0.99982,0.00015,0.99978,0.99981,0.99982,0.99981,0.00018,0.00022,0.00015,0.00016,0.99982,0.9998,0.99979,0.00021,0.0002,0.99984,0.00021,0.9998,0.00018]),tf.tensor([0.99931,0.00072,0.00073,0.99938,0.99948,0.00059,0.00079,0.00067,0.9995,0.99927,0.00072,0.99932,0.57054,0.99932,0.00067,0.00053,0.99936,0.94907,0.99923,0.00059,0.00061,0.94132,0.00064,0.99941,0.0007,0.00059,0.00048,0.99944,0.00071,0.00068,0.99919,0.00069,0.00075,0.99939,0.00065,0.99925,0.00072,0.99924,0.00076,0.00067,0.00071,0.99936,0.0007,0.00072,0.99937,0.00059,0.99945,0.99933,0.00067,0.99945,0.9992,0.99939,0.00064,0.00059,0.00075,0.9994,0.99926,0.99928,0.0008,0.0564,0.99946,0.99922,0.00061,0.99933,0.00073,0.00067,0.99925,0.9994,0.99925,0.00076,0.99933,0.99936,0.00064,0.13216,0.99945,0.99936,0.00053,0.0007,0.99938,0.9992,0.99937,0.21861,0.99924,0.84698,0.99932,0.00064,0.9994,0.00063,0.00061,0.99924,0.0007,0.99927,0.00075,0.99927,0.00054,0.00066,0.00074,0.99937,0.00071,0.99925,0.00067,0.00066,0.99932,0.00069,0.1727,0.9992,0.9993,0.00076,0.99943,0.99945,0.00057,0.99943,0.99939,0.99923,0.99934,0.00071,0.00074,0.00043,0.00057,0.99926,0.99934,0.99936,0.00068,0.00072,0.99945,0.00066,0.99942,0.0007]),tf.tensor([0.99993,0.00006,0.00009,0.99993,0.99991,0.00006,0.00007,0.00008,0.99993,0.99993,0.00008,0.99993,0.94201,0.9999,0.00007,0.00006,0.99993,0.75332,0.99993,0.00008,0.00009,0.32711,0.00008,0.99993,0.0001,0.00006,0.00006,0.99992,0.00007,0.0001,0.99991,0.0001,0.00007,0.99994,0.00008,0.99992,0.00008,0.99992,0.00007,0.00007,0.00005,0.99993,0.00009,0.00009,0.9999,0.00007,0.9999,0.99992,0.00008,0.99993,0.99993,0.9999,0.00007,0.00008,0.00007,0.99992,0.99994,0.99992,0.0001,0.08169,0.99992,0.99992,0.00008,0.99991,0.00009,0.00009,0.99992,0.99994,0.99992,0.00008,0.99991,0.9999,0.00009,0.12821,0.99995,0.99994,0.0001,0.00008,0.99992,0.99993,0.99994,0.24106,0.99991,0.40443,0.99994,0.00013,0.99991,0.00009,0.00011,0.99994,0.00009,0.99991,0.00007,0.99993,0.00004,0.00007,0.00007,0.99993,0.00006,0.99993,0.00007,0.00008,0.99994,0.00009,0.4399,0.99992,0.99993,0.00008,0.9999,0.9999,0.00006,0.9999,0.99993,0.99994,0.99992,0.00006,0.00008,0.00006,0.00008,0.99993,0.99991,0.99991,0.00009,0.0001,0.99992,0.00007,0.99992,0.00008]),tf.tensor([0.9995,0.00059,0.00048,0.9995,0.99962,0.00063,0.00054,0.00058,0.99939,0.99935,0.00068,0.99939,0.88609,0.99966,0.00058,0.00056,0.99944,0.97276,0.99942,0.00068,0.0007,0.94814,0.00074,0.9994,0.00049,0.00045,0.00043,0.99939,0.0007,0.00061,0.99938,0.0006,0.00053,0.99965,0.00064,0.99936,0.00048,0.99948,0.00069,0.00059,0.00037,0.99941,0.0007,0.0006,0.99948,0.00053,0.99952,0.99955,0.00051,0.99951,0.99935,0.99945,0.0006,0.00061,0.00054,0.99958,0.99945,0.99952,0.00054,0.03903,0.99935,0.99953,0.00055,0.99953,0.00058,0.0005,0.9994,0.9996,0.99944,0.00059,0.99947,0.99936,0.00059,0.16583,0.99939,0.99925,0.00049,0.00058,0.99928,0.9995,0.99946,0.90229,0.99941,0.90171,0.99937,0.00049,0.99927,0.00035,0.00032,0.99939,0.0005,0.99942,0.00061,0.99924,0.00085,0.0004,0.00054,0.99943,0.0007,0.99958,0.00053,0.00065,0.99948,0.00048,0.02851,0.99942,0.99933,0.00057,0.99955,0.99965,0.0005,0.99945,0.99933,0.99947,0.99942,0.00065,0.00055,0.00039,0.00058,0.9995,0.99958,0.99939,0.00057,0.00052,0.99963,0.00044,0.99934,0.00038]),tf.tensor([0.99953,0.00044,0.00052,0.99956,0.99951,0.00041,0.00048,0.00048,0.99961,0.99958,0.00047,0.99954,0.88235,0.99945,0.00045,0.00033,0.99955,0.79755,0.99954,0.00043,0.00048,0.67422,0.00046,0.99952,0.00058,0.00037,0.00024,0.99956,0.00048,0.00054,0.99943,0.0005,0.00046,0.99959,0.00046,0.99947,0.0005,0.99948,0.00048,0.00048,0.00038,0.99953,0.00056,0.00055,0.99944,0.00046,0.99947,0.99947,0.00049,0.9996,0.99954,0.99947,0.00048,0.00044,0.00046,0.99954,0.99958,0.99952,0.00054,0.04863,0.99955,0.99946,0.00048,0.99947,0.00053,0.00055,0.99949,0.99962,0.99949,0.00047,0.99949,0.99951,0.00048,0.19074,0.99967,0.99963,0.00046,0.0005,0.99955,0.99951,0.99962,0.14598,0.9995,0.23929,0.9996,0.00053,0.99948,0.00055,0.00058,0.99959,0.0005,0.99949,0.00046,0.99955,0.00018,0.00043,0.00048,0.99947,0.00042,0.99954,0.00045,0.00051,0.99956,0.00056,0.15105,0.99947,0.99956,0.00056,0.99952,0.99949,0.00039,0.99952,0.99954,0.99956,0.9995,0.00039,0.0005,0.00032,0.00045,0.99954,0.99949,0.99949,0.00053,0.00055,0.99959,0.00049,0.99957,0.00048]),tf.tensor([0.9994,0.00056,0.00062,0.99952,0.99945,0.00055,0.0005,0.00048,0.99947,0.99955,0.00051,0.99942,0.89501,0.99955,0.00047,0.00052,0.99946,0.07083,0.99947,0.00053,0.00054,0.91871,0.00051,0.99954,0.00052,0.00046,0.00063,0.99951,0.00052,0.00056,0.99954,0.00047,0.00052,0.99935,0.0005,0.9995,0.0005,0.99944,0.00052,0.00046,0.00047,0.99948,0.00046,0.00054,0.9995,0.00054,0.99952,0.99946,0.0005,0.99949,0.99945,0.99955,0.00053,0.00051,0.00047,0.99934,0.99953,0.99949,0.00045,0.23816,0.99956,0.99947,0.00049,0.99951,0.00056,0.00049,0.99952,0.99953,0.9995,0.00061,0.99946,0.99948,0.00052,0.10203,0.99944,0.99946,0.00053,0.00042,0.99946,0.99938,0.99948,0.27442,0.99953,0.83987,0.99951,0.00044,0.99955,0.00052,0.00062,0.99952,0.00052,0.99951,0.00048,0.9995,0.00074,0.00048,0.0005,0.99944,0.00053,0.99943,0.00051,0.00047,0.99939,0.00062,0.26144,0.99952,0.99949,0.0005,0.9995,0.99941,0.00057,0.9995,0.99951,0.99942,0.99948,0.00056,0.00052,0.00055,0.00051,0.9995,0.99947,0.99948,0.00049,0.00047,0.99942,0.00054,0.99949,0.00047]),tf.tensor([0.99967,0.0003,0.00031,0.99972,0.9997,0.00027,0.00032,0.00033,0.99975,0.99969,0.00031,0.99967,0.91726,0.99972,0.00028,0.00045,0.99967,0.91685,0.99966,0.00028,0.00032,0.90658,0.00028,0.9997,0.0004,0.00026,0.00036,0.99972,0.00029,0.00035,0.99967,0.00038,0.00035,0.99968,0.00029,0.99966,0.00035,0.99963,0.00031,0.00031,0.0003,0.99969,0.00034,0.00036,0.99961,0.00032,0.99967,0.99966,0.00034,0.99976,0.99969,0.99966,0.00034,0.00028,0.0003,0.99964,0.99972,0.99961,0.00039,0.07424,0.99974,0.99968,0.00035,0.99966,0.00035,0.00033,0.99969,0.99972,0.99964,0.0004,0.99965,0.99968,0.00031,0.39244,0.99979,0.99974,0.00029,0.00031,0.99967,0.99965,0.99973,0.13392,0.99964,0.11966,0.99976,0.00034,0.9997,0.00036,0.00033,0.99971,0.00033,0.99963,0.00031,0.99969,0.00022,0.00025,0.00031,0.99966,0.0003,0.99965,0.0003,0.00039,0.99968,0.00042,0.78512,0.99965,0.99969,0.00038,0.99974,0.99967,0.0003,0.99968,0.99972,0.99968,0.99971,0.00029,0.00033,0.00025,0.00027,0.99972,0.99961,0.99967,0.00035,0.00034,0.99975,0.00034,0.99972,0.00031]),tf.tensor([0.99932,0.00066,0.00073,0.99931,0.99903,0.00068,0.00067,0.00085,0.99911,0.99933,0.00066,0.99926,0.86581,0.99905,0.0008,0.00062,0.99918,0.88718,0.99925,0.00085,0.00078,0.14153,0.00086,0.99914,0.00091,0.00081,0.00105,0.99903,0.00069,0.00081,0.99924,0.00077,0.00083,0.99938,0.00076,0.9992,0.00084,0.99923,0.00069,0.00076,0.00073,0.99933,0.00084,0.00077,0.99909,0.00063,0.99904,0.99923,0.00081,0.99911,0.99933,0.99908,0.00068,0.00081,0.00077,0.99935,0.99915,0.99927,0.0008,0.10237,0.99911,0.99927,0.00075,0.99915,0.00083,0.00085,0.99925,0.99917,0.99923,0.00068,0.99922,0.9992,0.00084,0.34913,0.99921,0.99917,0.00077,0.001,0.99921,0.99937,0.9993,0.29736,0.99922,0.91049,0.99925,0.00084,0.99914,0.00063,0.00083,0.99918,0.00067,0.99922,0.00074,0.99922,0.00089,0.00058,0.00076,0.99923,0.00064,0.99927,0.00074,0.00072,0.99934,0.00071,0.12961,0.99927,0.99928,0.00072,0.99905,0.99896,0.00069,0.99915,0.99914,0.99942,0.99914,0.00066,0.00078,0.0009,0.00097,0.99932,0.99913,0.99907,0.0008,0.00067,0.99916,0.00058,0.99923,0.00074]),tf.tensor([0.99968,0.0003,0.00028,0.99968,0.9997,0.00028,0.00031,0.00027,0.99965,0.9997,0.00032,0.9997,0.95483,0.99978,0.00031,0.00027,0.99972,0.97261,0.99972,0.0003,0.00031,0.75898,0.00031,0.99975,0.00029,0.00031,0.0002,0.99967,0.00029,0.00027,0.9997,0.00026,0.00028,0.99971,0.00033,0.99974,0.00027,0.99974,0.0003,0.00029,0.00023,0.99971,0.00032,0.00026,0.99968,0.00034,0.99967,0.99976,0.0003,0.99965,0.99969,0.99972,0.00031,0.00032,0.00031,0.99968,0.99971,0.99973,0.00028,0.92102,0.99974,0.99972,0.00027,0.99967,0.0003,0.00031,0.99969,0.9997,0.99972,0.00028,0.99969,0.99966,0.00032,0.23896,0.99969,0.99969,0.00034,0.00029,0.99969,0.9997,0.99963,0.28172,0.9997,0.76764,0.99974,0.00023,0.99971,0.00027,0.00026,0.99979,0.0003,0.99967,0.00027,0.9997,0.00018,0.00026,0.00034,0.99971,0.00032,0.99972,0.00035,0.00028,0.99971,0.00027,0.09743,0.99971,0.99965,0.00029,0.99965,0.9998,0.00028,0.9997,0.99965,0.99974,0.9997,0.00026,0.0003,0.00028,0.00031,0.99969,0.99974,0.99968,0.00027,0.00033,0.99972,0.00033,0.99971,0.00031]),tf.tensor([0.99986,0.00012,0.00018,0.99986,0.99984,0.00009,0.00013,0.00014,0.99988,0.99987,0.00013,0.99986,0.9561,0.99985,0.00013,0.00023,0.99988,0.95862,0.99987,0.00014,0.00015,0.5535,0.00014,0.99989,0.00019,0.00013,0.00019,0.99985,0.00011,0.00016,0.99984,0.00019,0.00014,0.99986,0.00014,0.99985,0.00013,0.99985,0.00013,0.00012,0.00011,0.99988,0.00015,0.00017,0.99982,0.00014,0.99982,0.99986,0.00015,0.99989,0.99987,0.99984,0.00014,0.00014,0.00013,0.99979,0.99989,0.99983,0.00018,0.0584,0.99989,0.99984,0.00016,0.99984,0.00016,0.00016,0.99987,0.99987,0.99985,0.00019,0.99984,0.99985,0.00014,0.36288,0.9999,0.99989,0.00016,0.00013,0.99985,0.99987,0.99989,0.08405,0.99984,0.13932,0.99991,0.00026,0.99986,0.00019,0.0002,0.9999,0.00016,0.99982,0.00013,0.99987,0.00008,0.00012,0.00011,0.99983,0.00012,0.99987,0.00014,0.00016,0.99989,0.0002,0.82235,0.99986,0.99986,0.00017,0.99985,0.99982,0.00013,0.99983,0.99988,0.99987,0.99988,0.00011,0.00014,0.00015,0.00011,0.99987,0.99984,0.99984,0.00014,0.00019,0.99986,0.00016,0.99988,0.00015]),tf.tensor([0.99976,0.00024,0.00028,0.99974,0.99971,0.00023,0.00027,0.0003,0.99979,0.99976,0.00028,0.99973,0.91932,0.99971,0.00024,0.00018,0.99972,0.48412,0.99973,0.00026,0.00029,0.8063,0.00028,0.99974,0.00029,0.0002,0.00012,0.99975,0.00026,0.00031,0.99971,0.00029,0.00026,0.99978,0.00028,0.99973,0.00027,0.99972,0.00029,0.0003,0.00019,0.99974,0.00031,0.00029,0.9997,0.00025,0.99973,0.99972,0.00029,0.99978,0.99973,0.99972,0.00029,0.00024,0.00026,0.99975,0.99981,0.99974,0.00029,0.05281,0.99976,0.99974,0.00026,0.99972,0.0003,0.00029,0.99969,0.99982,0.99971,0.00026,0.99971,0.9997,0.00029,0.09447,0.99983,0.99978,0.00026,0.00026,0.99973,0.99972,0.99978,0.33316,0.99971,0.18362,0.99978,0.00027,0.99969,0.0003,0.00027,0.99976,0.00031,0.99974,0.00028,0.99973,0.00011,0.00024,0.00029,0.99972,0.00024,0.99977,0.00026,0.00031,0.99976,0.00032,0.15161,0.99968,0.99975,0.00028,0.99972,0.99973,0.0002,0.99972,0.99975,0.99977,0.9997,0.00021,0.00029,0.00015,0.00026,0.99974,0.99973,0.99971,0.00028,0.0003,0.99979,0.00024,0.99973,0.00024]),tf.tensor([0.99918,0.0008,0.00088,0.99938,0.99943,0.00069,0.00084,0.0008,0.99944,0.99917,0.00075,0.9993,0.48529,0.99917,0.00075,0.00067,0.99929,0.95767,0.99918,0.00066,0.00068,0.94672,0.00072,0.99926,0.00082,0.00068,0.00064,0.99938,0.00083,0.00077,0.99913,0.00075,0.00082,0.99922,0.00073,0.99916,0.00083,0.99919,0.00081,0.00078,0.00074,0.99928,0.00082,0.00078,0.99929,0.00074,0.99939,0.99923,0.00074,0.99935,0.99914,0.9993,0.00073,0.00066,0.00084,0.99927,0.99915,0.99924,0.00084,0.03738,0.99933,0.99913,0.00066,0.99928,0.00077,0.00076,0.99918,0.99933,0.99915,0.00081,0.99925,0.99929,0.00066,0.09322,0.99937,0.99923,0.00058,0.00081,0.99937,0.99914,0.99926,0.13996,0.99916,0.83521,0.99921,0.00074,0.9993,0.00077,0.00072,0.99918,0.00079,0.99918,0.00081,0.99923,0.00059,0.00073,0.00083,0.99929,0.00082,0.99914,0.00072,0.00079,0.99919,0.00075,0.20396,0.99915,0.99922,0.00082,0.99936,0.99936,0.00071,0.99937,0.99927,0.99914,0.99929,0.00078,0.00081,0.00059,0.00067,0.99924,0.99923,0.99932,0.00077,0.00079,0.99933,0.00082,0.99939,0.00074]),tf.tensor([0.9995,0.00054,0.00052,0.99951,0.99956,0.00054,0.00053,0.00058,0.9995,0.99941,0.00061,0.99947,0.95602,0.99957,0.00051,0.00037,0.99943,0.7732,0.9994,0.00062,0.00065,0.87362,0.00062,0.99943,0.00051,0.00042,0.00032,0.9995,0.00063,0.00054,0.99947,0.00055,0.00052,0.99966,0.00058,0.99945,0.0005,0.99951,0.00055,0.00056,0.00045,0.99954,0.00062,0.00054,0.99949,0.00049,0.9995,0.99954,0.00057,0.99954,0.9994,0.99946,0.00049,0.00056,0.00056,0.99958,0.99947,0.99949,0.00054,0.22311,0.99946,0.99953,0.00053,0.99952,0.00056,0.0005,0.99946,0.99956,0.9995,0.00057,0.99948,0.9994,0.00056,0.13297,0.99948,0.99942,0.00053,0.00058,0.99935,0.99951,0.99951,0.8225,0.99944,0.85664,0.99942,0.00036,0.99941,0.00043,0.00036,0.99942,0.00051,0.99947,0.00063,0.99932,0.00049,0.0005,0.00054,0.99948,0.00064,0.99957,0.00048,0.00056,0.99953,0.00047,0.05991,0.99943,0.99948,0.00056,0.99952,0.99959,0.00043,0.99946,0.99945,0.9995,0.99947,0.00054,0.00055,0.00033,0.00051,0.99947,0.99951,0.99942,0.00058,0.00052,0.9996,0.00048,0.99939,0.00044]),tf.tensor([0.9995,0.00046,0.00041,0.99957,0.99949,0.00044,0.00042,0.00048,0.99949,0.99958,0.00044,0.99946,0.92874,0.9996,0.00044,0.00034,0.9995,0.19575,0.99951,0.00049,0.00047,0.65415,0.00048,0.99949,0.00053,0.00035,0.00041,0.9995,0.00046,0.00051,0.99957,0.00047,0.00048,0.99959,0.0005,0.99954,0.00051,0.9995,0.00046,0.00044,0.00038,0.99953,0.0005,0.00049,0.99946,0.00044,0.99948,0.99953,0.00047,0.99952,0.99956,0.99948,0.00046,0.00047,0.00043,0.99956,0.99955,0.99957,0.00046,0.23702,0.99952,0.99953,0.00049,0.99953,0.00051,0.00049,0.99956,0.99954,0.99954,0.00049,0.9995,0.99951,0.00049,0.16364,0.99954,0.99952,0.00051,0.00047,0.99949,0.99949,0.99955,0.35265,0.99952,0.86069,0.99953,0.00032,0.99952,0.00041,0.00054,0.99957,0.00045,0.99953,0.00044,0.99955,0.00033,0.00038,0.00046,0.99949,0.00043,0.99952,0.00045,0.00048,0.9995,0.00053,0.1559,0.99953,0.99953,0.00045,0.99952,0.99945,0.00047,0.99952,0.99951,0.99956,0.9995,0.00044,0.00046,0.00042,0.00049,0.99958,0.99952,0.99949,0.0005,0.00041,0.99948,0.00042,0.99955,0.00045]),tf.tensor([0.99956,0.00038,0.00042,0.99965,0.99954,0.00039,0.00037,0.00039,0.99962,0.99967,0.00037,0.99951,0.93572,0.99953,0.00038,0.00034,0.99956,0.19402,0.99958,0.00041,0.0004,0.66846,0.0004,0.99957,0.00048,0.00032,0.00033,0.99959,0.00039,0.00051,0.99959,0.00042,0.00042,0.99961,0.00039,0.99957,0.00047,0.99956,0.00043,0.00038,0.00033,0.99957,0.00045,0.00044,0.99952,0.0004,0.99957,0.99953,0.00041,0.99963,0.99963,0.99958,0.0004,0.0004,0.00034,0.99963,0.99967,0.9996,0.00041,0.08096,0.99959,0.99958,0.00042,0.99958,0.00046,0.00046,0.99957,0.99967,0.99958,0.0004,0.99955,0.99955,0.00045,0.12937,0.99967,0.99963,0.00042,0.00037,0.99957,0.99959,0.99967,0.22539,0.99958,0.69557,0.99962,0.00045,0.99955,0.00041,0.00055,0.99962,0.00044,0.99961,0.00038,0.99963,0.00025,0.00035,0.00037,0.99954,0.00035,0.99958,0.0004,0.00043,0.99962,0.00049,0.17335,0.99959,0.9996,0.0004,0.99958,0.99947,0.00039,0.99958,0.99962,0.99963,0.99953,0.00038,0.00038,0.00035,0.00042,0.99964,0.99956,0.99955,0.00044,0.00038,0.99954,0.00035,0.99963,0.00038]),tf.tensor([0.99949,0.0005,0.00068,0.99945,0.99934,0.00059,0.00051,0.00071,0.9993,0.9994,0.00075,0.9993,0.92737,0.9994,0.00059,0.0005,0.9993,0.5508,0.9993,0.00075,0.00084,0.64261,0.00077,0.99926,0.00069,0.00042,0.00043,0.99931,0.00076,0.00071,0.9994,0.00071,0.00058,0.99947,0.00071,0.9994,0.00058,0.99939,0.0006,0.0007,0.00055,0.99942,0.00072,0.00067,0.99934,0.00068,0.99929,0.99943,0.00068,0.99931,0.99932,0.99926,0.00062,0.0007,0.00057,0.99928,0.99949,0.99943,0.00063,0.10656,0.9992,0.99946,0.00071,0.99936,0.0007,0.00054,0.99943,0.99952,0.99933,0.00066,0.99932,0.9992,0.00078,0.10971,0.99945,0.99927,0.00088,0.00068,0.99913,0.99946,0.99941,0.85091,0.99938,0.78886,0.99926,0.00063,0.99917,0.00062,0.00051,0.99926,0.00064,0.99937,0.00063,0.99926,0.00048,0.0005,0.0006,0.99938,0.00077,0.99954,0.00061,0.00068,0.99948,0.00068,0.25482,0.99929,0.99942,0.00059,0.99919,0.99946,0.00057,0.99926,0.99936,0.99945,0.99937,0.00061,0.00062,0.00055,0.00061,0.99942,0.99938,0.99926,0.0007,0.00063,0.99953,0.0006,0.99912,0.00053]),tf.tensor([0.99974,0.00025,0.00041,0.99968,0.99965,0.00023,0.0003,0.00028,0.99977,0.99977,0.00025,0.99974,0.97148,0.99949,0.00027,0.00025,0.99973,0.5531,0.99976,0.00028,0.00029,0.61974,0.00031,0.99973,0.00035,0.00031,0.00021,0.9997,0.00026,0.00032,0.99964,0.00032,0.00029,0.99977,0.00026,0.99969,0.00032,0.9997,0.00028,0.00027,0.00023,0.99972,0.00035,0.0003,0.99965,0.00022,0.99963,0.99964,0.0003,0.99975,0.99974,0.99962,0.00026,0.00027,0.0003,0.99972,0.99979,0.99969,0.00036,0.10264,0.99972,0.99965,0.00028,0.99965,0.00034,0.00039,0.99966,0.99977,0.99968,0.00026,0.99969,0.99971,0.00032,0.12516,0.9998,0.99979,0.00027,0.00035,0.99974,0.99972,0.99978,0.1111,0.99967,0.02942,0.99978,0.00061,0.99967,0.00042,0.00046,0.99974,0.00028,0.99971,0.0003,0.99972,0.00013,0.00037,0.00031,0.99969,0.00022,0.99973,0.00028,0.00029,0.99978,0.00035,0.03956,0.99965,0.99975,0.00034,0.99964,0.99962,0.0002,0.99968,0.99969,0.99979,0.99968,0.0002,0.0003,0.00023,0.00033,0.9997,0.99968,0.99968,0.00032,0.00037,0.99966,0.00025,0.99972,0.00032]),tf.tensor([0.99938,0.00064,0.00067,0.9993,0.99948,0.00054,0.00067,0.0006,0.99942,0.9993,0.00068,0.99946,0.95369,0.99949,0.00059,0.00059,0.99943,0.97493,0.9994,0.00056,0.00059,0.83955,0.00064,0.99952,0.00048,0.00079,0.00035,0.99941,0.0006,0.00052,0.99941,0.00053,0.00053,0.99935,0.00067,0.99949,0.00053,0.99948,0.0006,0.00061,0.00059,0.99942,0.00059,0.00051,0.99945,0.00068,0.99942,0.99953,0.00064,0.99938,0.99938,0.99948,0.00063,0.00065,0.00068,0.99926,0.99942,0.99944,0.00055,0.91799,0.99948,0.99947,0.00054,0.99936,0.00055,0.00056,0.99939,0.99939,0.99941,0.00058,0.99941,0.99933,0.00062,0.20428,0.99931,0.99936,0.00069,0.00054,0.99944,0.99938,0.99929,0.34657,0.99943,0.55692,0.99945,0.00053,0.9994,0.00062,0.00044,0.99953,0.00062,0.99939,0.00062,0.99938,0.0004,0.00067,0.00066,0.99949,0.00068,0.99945,0.00073,0.00059,0.99943,0.0005,0.12616,0.99939,0.99929,0.00058,0.99931,0.99965,0.00057,0.99938,0.99935,0.99941,0.99946,0.00056,0.00064,0.00047,0.00057,0.99931,0.99946,0.99942,0.0005,0.00063,0.99945,0.00073,0.99936,0.00067]),tf.tensor([0.9998,0.00023,0.00018,0.99982,0.99984,0.00018,0.00022,0.0002,0.99983,0.99979,0.00021,0.99979,0.67591,0.99983,0.00021,0.00016,0.9998,0.95015,0.99979,0.00019,0.0002,0.91865,0.0002,0.99982,0.0002,0.00018,0.00014,0.99982,0.0002,0.00022,0.99976,0.0002,0.00022,0.99984,0.0002,0.99978,0.00021,0.99978,0.00023,0.00019,0.00017,0.99981,0.00021,0.0002,0.99981,0.00017,0.99983,0.9998,0.00021,0.99982,0.99976,0.99981,0.00021,0.00019,0.00023,0.99985,0.99978,0.9998,0.00024,0.06021,0.99983,0.99978,0.00019,0.99979,0.00022,0.00021,0.99976,0.99982,0.99978,0.00021,0.99979,0.9998,0.00019,0.16707,0.99983,0.9998,0.00017,0.00021,0.99981,0.99977,0.99981,0.27894,0.99977,0.88681,0.99981,0.00016,0.99982,0.00016,0.00018,0.9998,0.0002,0.99978,0.00022,0.99978,0.00015,0.00017,0.00022,0.99981,0.0002,0.99977,0.00021,0.00019,0.99979,0.00019,0.11199,0.99977,0.99979,0.00023,0.99982,0.99985,0.00017,0.99982,0.99981,0.99979,0.99978,0.00019,0.00023,0.00014,0.00018,0.99979,0.99981,0.9998,0.0002,0.00021,0.99985,0.00017,0.99982,0.00021]),tf.tensor([0.99946,0.0005,0.00052,0.99949,0.9994,0.00047,0.00051,0.00055,0.9995,0.99949,0.00056,0.99943,0.90077,0.99946,0.00053,0.0006,0.99944,0.88854,0.99945,0.00054,0.00058,0.80015,0.00053,0.99945,0.00064,0.00045,0.00053,0.99947,0.00049,0.0006,0.99946,0.00058,0.00055,0.99949,0.0005,0.99947,0.00057,0.99943,0.00052,0.00052,0.00051,0.9995,0.00059,0.00059,0.99936,0.00053,0.99941,0.99943,0.00058,0.99956,0.99947,0.9994,0.00054,0.00051,0.00051,0.99943,0.9995,0.99941,0.0006,0.11786,0.99948,0.99944,0.00056,0.99941,0.00061,0.00057,0.99947,0.9995,0.9994,0.00063,0.99941,0.99947,0.00057,0.47258,0.99958,0.99951,0.00055,0.00051,0.99941,0.99943,0.99951,0.19544,0.99944,0.29621,0.99955,0.00056,0.99944,0.00059,0.00061,0.9995,0.00055,0.99941,0.00053,0.99947,0.00038,0.00048,0.00055,0.99943,0.00051,0.99945,0.00052,0.00061,0.99944,0.00067,0.56596,0.99943,0.99951,0.00059,0.99949,0.99935,0.00051,0.99941,0.9995,0.99949,0.99944,0.00048,0.00054,0.00046,0.0005,0.99948,0.9994,0.99941,0.0006,0.00056,0.99949,0.00055,0.99948,0.00057]),tf.tensor([0.99937,0.00062,0.00068,0.99932,0.99929,0.00056,0.00072,0.00071,0.99932,0.99933,0.00065,0.99928,0.93107,0.99928,0.00063,0.00085,0.99933,0.90831,0.99931,0.00074,0.0007,0.62245,0.0007,0.99934,0.0008,0.00067,0.00061,0.99928,0.00065,0.00068,0.99927,0.00075,0.00068,0.99946,0.00071,0.99928,0.00065,0.99928,0.00068,0.00068,0.00065,0.99942,0.00073,0.00072,0.99925,0.00054,0.99933,0.99937,0.0008,0.99941,0.99936,0.99925,0.00068,0.00064,0.00074,0.99935,0.99937,0.9992,0.00073,0.20447,0.99939,0.99932,0.00074,0.9993,0.00079,0.0007,0.99931,0.99938,0.99922,0.00073,0.99921,0.9993,0.00077,0.78394,0.99946,0.9994,0.00066,0.00068,0.99928,0.99934,0.99943,0.41745,0.99925,0.45507,0.9994,0.00067,0.99932,0.00073,0.00069,0.99933,0.00072,0.99923,0.00067,0.99926,0.00043,0.00067,0.00071,0.99923,0.00056,0.99937,0.00065,0.0008,0.9994,0.00079,0.21123,0.99929,0.99933,0.00079,0.99935,0.99931,0.00056,0.9993,0.99934,0.99943,0.9993,0.00055,0.00074,0.00055,0.0006,0.99931,0.99933,0.99925,0.0007,0.00071,0.99946,0.00057,0.99932,0.00069]),tf.tensor([0.99983,0.00017,0.00024,0.99979,0.99976,0.00014,0.00019,0.00018,0.99985,0.99985,0.00018,0.99982,0.97765,0.99969,0.00018,0.00015,0.99983,0.59304,0.99983,0.0002,0.0002,0.58769,0.0002,0.99982,0.00022,0.00019,0.00011,0.99982,0.00017,0.00021,0.99977,0.00021,0.00018,0.99986,0.00018,0.9998,0.0002,0.99981,0.00018,0.00018,0.00014,0.99984,0.00022,0.0002,0.99977,0.00015,0.99977,0.99978,0.0002,0.99985,0.99982,0.99976,0.00016,0.00019,0.00019,0.99982,0.99986,0.99981,0.00023,0.09439,0.99982,0.99978,0.00018,0.99978,0.00022,0.00024,0.9998,0.99985,0.99981,0.00019,0.9998,0.9998,0.00022,0.12773,0.99988,0.99986,0.0002,0.00021,0.99981,0.99982,0.99986,0.23643,0.9998,0.07861,0.99984,0.00031,0.99977,0.00025,0.00027,0.99984,0.00019,0.99981,0.00019,0.99981,0.00006,0.00023,0.00019,0.99981,0.00015,0.99984,0.00017,0.00019,0.99986,0.00023,0.08432,0.99978,0.99985,0.00022,0.99978,0.99977,0.00013,0.99978,0.99982,0.99986,0.99979,0.00013,0.00019,0.00013,0.00019,0.9998,0.9998,0.99979,0.00021,0.00022,0.9998,0.00016,0.99981,0.00021]),tf.tensor([0.99951,0.0005,0.00049,0.99956,0.99957,0.00049,0.00047,0.00055,0.9995,0.99947,0.00055,0.99952,0.87818,0.99958,0.00052,0.00042,0.99942,0.84523,0.99945,0.00048,0.00055,0.6777,0.00052,0.99948,0.00048,0.00046,0.00044,0.99951,0.00061,0.00048,0.99951,0.0005,0.0005,0.99961,0.00052,0.99949,0.00048,0.99955,0.00055,0.00054,0.00044,0.99954,0.00055,0.00048,0.99955,0.00048,0.99957,0.99957,0.00053,0.99955,0.99949,0.99947,0.00048,0.00049,0.00052,0.99962,0.99949,0.99955,0.0005,0.06766,0.9995,0.99951,0.00046,0.99953,0.0005,0.00049,0.99949,0.99958,0.99953,0.00046,0.99947,0.99943,0.00049,0.11894,0.99953,0.99945,0.00046,0.00051,0.99948,0.99953,0.99956,0.68912,0.99951,0.93353,0.99948,0.00041,0.99945,0.0004,0.00042,0.99955,0.00048,0.99947,0.0005,0.99941,0.0005,0.00043,0.00053,0.99953,0.00055,0.99954,0.00043,0.00045,0.99952,0.00041,0.07131,0.99948,0.99954,0.0005,0.99955,0.99958,0.00045,0.99951,0.9995,0.99953,0.99949,0.0005,0.00052,0.00039,0.00053,0.99953,0.99952,0.99948,0.00058,0.00044,0.99955,0.00045,0.99947,0.00042]),tf.tensor([0.99848,0.00136,0.00097,0.99856,0.99857,0.00164,0.00151,0.00128,0.99844,0.99866,0.00125,0.99834,0.87842,0.99871,0.0015,0.00125,0.99855,0.86278,0.99869,0.00149,0.00126,0.82754,0.00134,0.99848,0.00141,0.00125,0.00146,0.99848,0.00107,0.00135,0.9987,0.00125,0.00153,0.9988,0.00129,0.9986,0.00152,0.99855,0.00139,0.00122,0.00147,0.99868,0.0013,0.00142,0.99861,0.00106,0.99862,0.9984,0.00132,0.99863,0.9987,0.99855,0.00124,0.00128,0.00119,0.99904,0.99834,0.99883,0.00112,0.39757,0.99849,0.99848,0.00128,0.99865,0.00139,0.00132,0.99881,0.99851,0.99868,0.00139,0.99847,0.99893,0.00129,0.92186,0.99856,0.99855,0.0012,0.0012,0.99855,0.99834,0.99858,0.07973,0.99874,0.63229,0.99858,0.00083,0.99886,0.00097,0.00145,0.99862,0.00131,0.99862,0.00132,0.99869,0.00165,0.0014,0.0014,0.99848,0.0011,0.99815,0.00141,0.00126,0.99829,0.00135,0.06747,0.99867,0.99878,0.00126,0.99885,0.99844,0.00151,0.99885,0.99863,0.99865,0.99853,0.00155,0.00138,0.00136,0.00149,0.99865,0.99856,0.99862,0.00129,0.00109,0.99841,0.00121,0.99874,0.00134]),tf.tensor([0.99942,0.00056,0.00048,0.99964,0.99963,0.00043,0.0004,0.00044,0.99961,0.99953,0.00048,0.99961,0.8454,0.99957,0.00037,0.00047,0.99963,0.93601,0.99957,0.00041,0.00042,0.92878,0.00047,0.99959,0.00039,0.00046,0.00044,0.99966,0.00041,0.0004,0.9996,0.0004,0.00041,0.99949,0.00041,0.99959,0.00039,0.99957,0.00036,0.00043,0.00045,0.9996,0.00039,0.0004,0.99958,0.00054,0.99961,0.99959,0.00037,0.99957,0.99955,0.99963,0.00039,0.00042,0.00041,0.99951,0.99957,0.99967,0.00043,0.15529,0.99963,0.99959,0.00036,0.99958,0.00038,0.00043,0.9996,0.99953,0.99961,0.00046,0.9996,0.99955,0.00038,0.08533,0.99946,0.99949,0.00046,0.00037,0.99957,0.99953,0.99954,0.38775,0.99958,0.91233,0.99961,0.00045,0.99959,0.0004,0.00043,0.9996,0.00041,0.99956,0.0004,0.99961,0.00045,0.00036,0.00036,0.9997,0.00053,0.99957,0.00043,0.00036,0.99956,0.00042,0.76671,0.99955,0.99955,0.00037,0.99959,0.99965,0.00048,0.99954,0.99962,0.99948,0.99965,0.00049,0.00043,0.00038,0.00035,0.99955,0.99964,0.9996,0.0004,0.00038,0.99958,0.00049,0.99953,0.00049]),tf.tensor([0.99943,0.00069,0.00055,0.99948,0.99951,0.00078,0.00065,0.0008,0.99929,0.99922,0.00072,0.99926,0.86581,0.99959,0.0007,0.00049,0.99925,0.98031,0.99919,0.00078,0.0008,0.92381,0.00083,0.99929,0.00062,0.00055,0.00046,0.99926,0.00087,0.00068,0.9993,0.00076,0.00068,0.99959,0.00076,0.99929,0.00059,0.99937,0.00082,0.00077,0.00056,0.99931,0.00084,0.00066,0.99938,0.00057,0.99941,0.99948,0.00069,0.99933,0.99924,0.99931,0.00078,0.00074,0.00075,0.99956,0.99925,0.99931,0.00069,0.08203,0.99925,0.99944,0.00073,0.99947,0.00068,0.00059,0.99925,0.99945,0.99928,0.00064,0.99936,0.99926,0.00073,0.20537,0.99929,0.99915,0.00061,0.00074,0.99922,0.99939,0.99936,0.84858,0.99925,0.86168,0.99926,0.00045,0.99919,0.00046,0.00038,0.99923,0.00062,0.99932,0.00078,0.99911,0.00078,0.00053,0.00076,0.99928,0.00072,0.99945,0.00067,0.00076,0.99939,0.00051,0.02231,0.99929,0.99926,0.00071,0.99935,0.99959,0.00064,0.99938,0.9992,0.99941,0.99926,0.00071,0.00072,0.00044,0.00072,0.99941,0.99943,0.99926,0.00076,0.00058,0.99963,0.00052,0.99921,0.00047]),tf.tensor([0.99948,0.00046,0.0004,0.9995,0.99945,0.00044,0.00044,0.00045,0.9995,0.99959,0.00036,0.9995,0.96164,0.99946,0.00048,0.00043,0.99955,0.24186,0.99957,0.00051,0.00042,0.50649,0.00048,0.99951,0.00055,0.00045,0.00063,0.99946,0.00041,0.00049,0.99953,0.00047,0.00051,0.99959,0.00047,0.99952,0.00055,0.99951,0.00042,0.00041,0.00042,0.99956,0.00051,0.00046,0.99944,0.00039,0.99946,0.99948,0.00045,0.99948,0.99961,0.99945,0.00041,0.00051,0.00048,0.99964,0.99951,0.99952,0.0005,0.55772,0.99954,0.99949,0.00047,0.99948,0.0005,0.00058,0.99953,0.99946,0.99951,0.00042,0.99951,0.99954,0.00047,0.30572,0.99953,0.99955,0.00046,0.00052,0.99955,0.99953,0.99953,0.10415,0.99949,0.84699,0.99955,0.00038,0.99954,0.00042,0.00066,0.99957,0.00042,0.99953,0.00045,0.99959,0.00035,0.00047,0.00045,0.99951,0.00032,0.99943,0.00045,0.00044,0.99956,0.0005,0.04177,0.99955,0.99955,0.00045,0.99952,0.99938,0.00045,0.99951,0.99949,0.99963,0.99947,0.00041,0.00046,0.00055,0.00054,0.99954,0.99946,0.9995,0.0005,0.00044,0.99932,0.00035,0.99963,0.00052]),tf.tensor([0.99892,0.00115,0.00092,0.99876,0.99924,0.00097,0.00117,0.0